190 
225 
917 
314 
104 
667 
925 
549 
233 
23 
521 
933 
218 
230 
699 
454 
963 
674 
544 
76 
525 
161 
310 
906 
118 
928 
363 
95 
180 
594 
410 
71 
166 
65 
178 
758 
736 
564 
672 
370 
573 
538 
70 
657 
194 
925 
868 
727 
24 
635 
782 
117 
386 
65 
341 
976 
184 
704 
435 
270 
988 
477 
281 
822 
347 
243 
267 
519 
621 
60 
775 
449 
240 
152 
705 
436 
298 
493 
115 
678 
87 
944 
363 
953 
482 
723 
814 
452 
686 
423 
307 
752 
879 
692 
259 
494 
972 
695 
176 
279 
233 
858 
154 
756 
59 
426 
706 
927 
914 
742 
977 
426 
374 
979 
512 
407 
995 
8 
302 
567 
279 
542 
805 
191 
798 
903 
382 
391 
323 
844 
55 
773 
234 
999 
274 
90 
52 
176 
743 
539 
546 
118 
996 
459 
918 
212 
613 
287 
230 
663 
391 
922 
122 
5 
217 
449 
41 
880 
540 
418 
878 
602 
522 
113 
337 
3 
910 
851 
211 
545 
650 
127 
282 
480 
567 
97 
950 
66 
976 
80 
611 
913 
280 
947 
344 
315 
221 
144 
23 
28 
93 
541 
390 
210 
352 
931 
910 
957 
614 
735 
106 
398 
491 
762 
865 
90 
855 
492 
440 
62 
843 
28 
682 
781 
177 
908 
345 
768 
731 
571 
50 
702 
247 
98 
579 
164 
482 
307 
904 
126 
18 
574 
967 
158 
488 
502 
625 
84 
342 
628 
394 
440 
613 
282 
338 
772 
603 
667 
261 
381 
515 
241 
8 
123 
292 
719 
437 
