780 
626 
150 
6 
137 
921 
301 
90 
11 
235 
601 
160 
357 
174 
55 
417 
594 
600 
998 
783 
106 
945 
172 
460 
478 
882 
887 
448 
120 
558 
950 
42 
647 
552 
905 
633 
570 
429 
822 
842 
450 
692 
422 
629 
525 
371 
815 
924 
808 
299 
523 
604 
285 
838 
41 
191 
822 
712 
3 
160 
568 
589 
47 
32 
851 
801 
378 
665 
801 
190 
802 
746 
245 
497 
2 
2 
199 
637 
700 
672 
773 
261 
42 
178 
11 
916 
973 
972 
918 
575 
314 
484 
29 
949 
658 
420 
433 
678 
384 
383 
23 
586 
193 
744 
60 
939 
367 
631 
744 
902 
350 
309 
806 
254 
747 
730 
947 
682 
953 
581 
93 
911 
70 
564 
886 
841 
533 
68 
225 
414 
957 
347 
68 
243 
243 
444 
654 
3 
755 
756 
99 
709 
933 
147 
254 
206 
510 
532 
630 
416 
27 
296 
4 
17 
965 
967 
236 
310 
26 
345 
314 
633 
808 
77 
711 
864 
32 
496 
276 
369 
856 
504 
910 
307 
985 
841 
483 
742 
650 
976 
771 
478 
613 
134 
259 
652 
449 
847 
742 
182 
855 
123 
813 
191 
169 
909 
833 
930 
776 
818 
733 
107 
573 
52 
465 
95 
106 
480 
581 
645 
9 
877 
955 
773 
653 
79 
793 
272 
881 
242 
781 
823 
38 
474 
393 
337 
648 
66 
721 
768 
219 
996 
786 
755 
26 
769 
926 
481 
496 
425 
501 
396 
571 
868 
174 
748 
229 
922 
30 
958 
141 
545 
832 
452 
421 
509 
447 
246 
677 
357 
72 
714 
473 
188 
290 
8 
550 
604 
626 
417 
955 
466 
379 
402 
70 
470 
827 
931 
484 
121 
724 
789 
252 
268 
552 
290 
990 
310 
926 
327 
528 
246 
989 
720 
250 
218 
358 
27 
163 
632 
776 
936 
579 
739 
446 
999 
691 
321 
955 
626 
161 
170 
576 
701 
760 
43 
237 
643 
256 
691 
271 
843 
530 
549 
449 
979 
790 
720 
822 
827 
632 
44 
757 
613 
601 
510 
654 
451 
66 
645 
237 
218 
70 
534 
853 
862 
888 
853 
822 
127 
99 
973 
249 
290 
153 
202 
835 
762 
238 
525 
377 
192 
173 
383 
60 
336 
547 
385 
285 
951 
579 
92 
762 
866 
618 
949 
609 
601 
76 
571 
420 
900 
231 
980 
349 
556 
390 
260 
708 
421 
32 
736 
672 
530 
683 
314 
883 
538 
778 
406 
568 
850 
527 
124 
25 
579 
45 
118 
620 
941 
213 
957 
246 
668 
963 
736 
851 
762 
146 
365 
964 
317 
214 
426 
146 
178 
808 
157 
530 
194 
791 
115 
834 
732 
956 
95 
395 
604 
959 
483 
759 
67 
937 
819 
229 
446 
905 
536 
826 
883 
307 
579 
978 
657 
886 
403 
32 
703 
645 
816 
482 
128 
608 
560 
129 
806 
596 
475 
415 
573 
728 
986 
850 
857 
801 
389 
864 
563 
265 
949 
603 
663 
979 
551 
695 
425 
290 
514 
817 
530 
506 
547 
555 
173 
623 
527 
293 
511 
621 
856 
502 
358 
392 
76 
44 
585 
341 
19 
360 
657 
385 
975 
533 
703 
944 
280 
2 
918 
192 
273 
782 
313 
384 
493 
812 
240 
59 
767 
959 
911 
497 
184 
16 
912 
519 
937 
213 
523 
310 
876 
796 
146 
370 
886 
993 
66 
740 
424 
196 
743 
962 
534 
927 
870 
21 
919 
886 
553 
971 
303 
247 
303 
295 
521 
884 
498 
278 
721 
327 
797 
674 
553 
893 
526 
692 
458 
614 
976 
350 
221 
445 
52 
103 
282 
347 
713 
842 
978 
584 
345 
249 
664 
836 
374 
142 
589 
283 
157 
435 
852 
536 
1 
83 
226 
315 
836 
192 
434 
357 
122 
437 
569 
323 
310 
647 
845 
626 
512 
488 
867 
355 
695 
148 
346 
663 
740 
544 
386 
956 
775 
591 
489 
88 
423 
167 
959 
61 
660 
4 
64 
134 
582 
187 
410 
49 
291 
458 
215 
605 
637 
350 
981 
590 
763 
684 
813 
919 
250 
292 
641 
592 
18 
411 
761 
488 
509 
8 
399 
76 
430 
97 
98 
184 
135 
927 
648 
245 
550 
304 
192 
684 
848 
731 
295 
250 
181 
545 
336 
589 
607 
322 
361 
750 
862 
157 
68 
495 
637 
437 
852 
943 
587 
808 
489 
4 
482 
737 
469 
944 
716 
945 
775 
519 
903 
153 
136 
7 
198 
715 
621 
449 
515 
322 
444 
167 
57 
463 
314 
895 
343 
197 
972 
119 
882 
767 
229 
345 
25 
913 
479 
49 
503 
581 
701 
20 
420 
119 
721 
404 
605 
10 
642 
994 
534 
428 
440 
451 
973 
487 
835 
261 
393 
250 
768 
235 
379 
744 
45 
520 
555 
199 
872 
641 
94 
636 
978 
662 
478 
813 
154 
626 
507 
78 
112 
816 
225 
992 
486 
849 
986 
759 
6 
195 
949 
771 
136 
332 
222 
802 
866 
560 
97 
19 
494 
671 
825 
974 
350 
171 
622 
939 
355 
800 
783 
936 
246 
460 
539 
582 
70 
553 
14 
638 
708 
785 
98 
688 
324 
786 
564 
605 
429 
594 
297 
86 
777 
268 
505 
219 
529 
531 
251 
577 
899 
159 
393 
894 
462 
30 
356 
214 
568 
861 
595 
316 
253 
678 
625 
841 
467 
220 
405 
416 
132 
701 
269 
486 
275 
432 
557 
364 
266 
519 
997 
327 
716 
342 
841 
633 
983 
421 
253 
121 
244 
10 
504 
353 
529 
547 
240 
54 
54 
59 
751 
29 
952 
290 
53 
60 
659 
338 
182 
999 
979 
935 
652 
237 
852 
398 
944 
130 
464 
18 
733 
981 
177 
579 
366 
68 
88 
552 
818 
63 
925 
438 
460 
907 
528 
257 
848 
633 
488 
266 
890 
14 
658 
370 
937 
571 
476 
15 
829 
263 
834 
228 
461 
460 
872 
86 
812 
455 
521 
180 
692 
660 
576 
134 
931 
274 
310 
289 
318 
939 
907 
209 
971 
431 
496 
369 
35 
809 
108 
520 
632 
674 
757 
252 
563 
668 
417 
691 
90 
802 
390 
639 
592 
14 
87 
26 
341 
258 
176 
563 
751 
468 
948 
263 
329 
804 
420 
108 
755 
343 
923 
649 
874 
137 
632 
314 
561 
935 
252 
963 
456 
459 
757 
931 
709 
43 
658 
707 
480 
747 
815 
350 
436 
386 
995 
931 
874 
819 
632 
177 
367 
86 
683 
316 
546 
494 
133 
893 
671 
803 
473 
574 
479 
147 
423 
845 
395 
116 
376 
872 
614 
534 
347 
875 
283 
847 
319 
358 
64 
462 
298 
267 
841 
396 
498 
766 
488 
184 
130 
262 
803 
266 
527 
907 
806 
186 
691 
432 
931 
50 
450 
626 
623 
705 
164 
921 
903 
682 
314 
864 
202 
852 
323 
320 
769 
315 
137 
730 
620 
479 
768 
948 
263 
763 
215 
450 
862 
424 
835 
993 
292 
411 
904 
249 
930 
717 
161 
297 
597 
474 
954 
640 
369 
405 
883 
769 
973 
865 
488 
733 
871 
714 
159 
272 
818 
253 
226 
101 
381 
846 
165 
163 
846 
449 
186 
356 
503 
555 
203 
299 
831 
257 
104 
518 
724 
369 
354 
373 
671 
56 
255 
554 
713 
827 
687 
577 
165 
74 
597 
162 
181 
266 
427 
292 
194 
859 
95 
44 
854 
105 
122 
550 
764 
742 
748 
507 
435 
592 
920 
149 
311 
574 
797 
535 
0 
121 
703 
696 
159 
849 
491 
345 
86 
566 
635 
524 
95 
88 
553 
744 
344 
553 
326 
395 
717 
625 
989 
23 
518 
522 
428 
600 
195 
557 
595 
732 
294 
196 
297 
20 
584 
114 
955 
699 
998 
456 
309 
28 
701 
498 
294 
297 
340 
681 
887 
505 
705 
586 
285 
817 
766 
439 
535 
23 
397 
892 
482 
307 
538 
484 
595 
198 
688 
621 
620 
519 
135 
786 
939 
996 
397 
968 
15 
718 
522 
107 
381 
273 
904 
985 
978 
122 
818 
919 
329 
41 
76 
147 
175 
57 
684 
786 
158 
670 
344 
874 
7 
902 
256 
931 
515 
411 
725 
522 
460 
896 
651 
510 
423 
650 
954 
398 
997 
505 
555 
674 
706 
463 
625 
106 
213 
496 
533 
964 
818 
131 
423 
290 
756 
424 
202 
634 
535 
978 
160 
704 
493 
127 
29 
473 
62 
77 
888 
385 
158 
479 
471 
480 
994 
193 
363 
769 
323 
472 
124 
483 
910 
70 
422 
267 
859 
764 
52 
705 
693 
728 
99 
738 
633 
114 
507 
574 
618 
322 
433 
651 
932 
892 
840 
946 
792 
622 
538 
352 
280 
9 
346 
872 
972 
694 
531 
422 
195 
243 
270 
319 
494 
182 
640 
64 
985 
202 
242 
292 
915 
872 
14 
954 
73 
71 
478 
510 
206 
398 
558 
287 
285 
770 
397 
257 
346 
76 
872 
52 
462 
356 
329 
948 
873 
420 
502 
338 
773 
606 
708 
171 
745 
775 
213 
200 
523 
680 
280 
982 
306 
499 
296 
686 
122 
827 
23 
367 
41 
471 
493 
203 
546 
240 
243 
432 
40 
9 
173 
664 
877 
487 
152 
587 
403 
336 
544 
507 
811 
793 
918 
232 
669 
619 
247 
645 
927 
125 
280 
227 
873 
464 
904 
604 
920 
671 
879 
675 
937 
309 
766 
362 
993 
644 
671 
516 
922 
115 
447 
748 
353 
423 
912 
198 
838 
782 
676 
245 
492 
552 
230 
764 
857 
894 
243 
968 
640 
832 
874 
949 
245 
705 
552 
969 
937 
982 
367 
766 
839 
999 
824 
476 
149 
925 
22 
182 
167 
965 
165 
708 
960 
867 
555 
897 
283 
627 
110 
686 
186 
315 
414 
822 
148 
837 
36 
3 
948 
116 
195 
209 
655 
829 
205 
690 
87 
825 
393 
554 
902 
471 
68 
547 
596 
703 
710 
220 
405 
316 
263 
901 
853 
585 
530 
231 
566 
136 
880 
898 
315 
767 
648 
86 
917 
773 
581 
373 
942 
59 
409 
49 
868 
629 
897 
419 
17 
635 
464 
620 
984 
339 
928 
439 
594 
514 
30 
406 
922 
59 
678 
68 
982 
63 
232 
699 
832 
22 
641 
727 
539 
204 
300 
467 
89 
255 
786 
498 
724 
880 
896 
817 
516 
168 
721 
107 
713 
613 
499 
716 
610 
318 
414 
147 
13 
771 
834 
953 
951 
488 
696 
399 
430 
475 
308 
440 
861 
724 
641 
874 
808 
757 
94 
363 
769 
226 
952 
625 
634 
107 
136 
594 
524 
648 
838 
981 
55 
604 
350 
817 
955 
412 
290 
485 
911 
498 
752 
664 
912 
901 
990 
386 
780 
67 
531 
946 
942 
34 
863 
1 
901 
252 
149 
534 
65 
345 
792 
868 
414 
609 
453 
857 
868 
290 
896 
65 
237 
302 
801 
739 
777 
209 
287 
553 
199 
178 
149 
782 
45 
64 
621 
387 
641 
319 
827 
170 
601 
194 
347 
319 
976 
547 
198 
243 
914 
873 
608 
435 
482 
794 
325 
793 
729 
561 
686 
345 
50 
633 
279 
687 
516 
115 
91 
919 
408 
148 
233 
660 
3 
3 
504 
294 
286 
745 
113 
974 
284 
474 
525 
803 
372 
283 
119 
554 
472 
429 
266 
17 
669 
921 
486 
309 
836 
475 
527 
717 
568 
756 
279 
534 
649 
371 
654 
504 
704 
12 
343 
113 
444 
660 
132 
665 
220 
260 
676 
350 
750 
772 
36 
433 
744 
97 
420 
432 
221 
993 
419 
813 
914 
335 
654 
919 
649 
387 
421 
807 
14 
492 
38 
558 
592 
488 
847 
661 
458 
83 
878 
805 
579 
342 
931 
745 
82 
930 
272 
368 
86 
5 
879 
759 
518 
412 
357 
239 
852 
234 
822 
346 
583 
272 
969 
572 
433 
342 
781 
184 
406 
752 
844 
448 
638 
916 
583 
17 
613 
291 
82 
262 
889 
870 
482 
252 
179 
228 
164 
286 
610 
281 
799 
641 
364 
81 
373 
251 
639 
93 
206 
304 
735 
676 
542 
333 
648 
62 
16 
65 
151 
997 
899 
392 
52 
509 
500 
274 
211 
126 
699 
684 
475 
224 
530 
269 
269 
750 
876 
755 
385 
173 
859 
78 
238 
439 
485 
118 
602 
67 
487 
385 
865 
736 
314 
336 
504 
330 
829 
954 
116 
859 
131 
121 
38 
14 
279 
180 
490 
824 
109 
76 
585 
735 
99 
11 
828 
960 
728 
289 
153 
780 
875 
457 
507 
835 
535 
268 
909 
532 
830 
405 
983 
354 
171 
885 
396 
395 
77 
847 
875 
950 
249 
574 
421 
259 
518 
821 
534 
640 
639 
704 
0 
840 
525 
210 
252 
30 
779 
966 
667 
571 
558 
953 
252 
412 
844 
632 
310 
368 
348 
654 
624 
953 
87 
441 
46 
712 
869 
214 
743 
446 
667 
281 
342 
376 
939 
18 
862 
466 
805 
501 
449 
696 
229 
912 
786 
473 
717 
546 
881 
957 
444 
738 
592 
528 
655 
397 
580 
87 
831 
37 
726 
59 
499 
6 
346 
540 
87 
474 
983 
159 
453 
312 
360 
411 
220 
737 
499 
152 
670 
179 
880 
209 
878 
449 
684 
548 
833 
835 
183 
168 
12 
193 
338 
262 
439 
462 
685 
43 
97 
923 
848 
69 
644 
673 
312 
11 
369 
171 
725 
706 
127 
916 
346 
197 
161 
285 
228 
757 
278 
673 
214 
762 
717 
964 
92 
16 
567 
601 
999 
317 
487 
619 
577 
258 
536 
687 
417 
817 
679 
104 
385 
262 
361 
971 
822 
784 
893 
28 
904 
306 
957 
664 
307 
933 
409 
381 
620 
921 
44 
671 
200 
124 
779 
804 
410 
969 
140 
290 
291 
636 
611 
943 
519 
893 
883 
161 
53 
323 
675 
144 
511 
524 
150 
465 
596 
770 
480 
924 
370 
216 
38 
288 
935 
709 
885 
165 
474 
312 
773 
18 
822 
605 
487 
776 
55 
774 
821 
367 
591 
726 
498 
312 
203 
842 
682 
722 
650 
153 
250 
57 
446 
782 
563 
596 
590 
347 
875 
605 
946 
575 
765 
471 
329 
579 
626 
139 
504 
258 
544 
67 
652 
392 
50 
891 
18 
101 
456 
989 
76 
217 
272 
924 
839 
442 
181 
411 
283 
99 
519 
246 
195 
920 
59 
81 
405 
975 
509 
552 
36 
337 
35 
575 
28 
514 
179 
763 
581 
84 
152 
112 
988 
891 
185 
885 
590 
125 
763 
309 
639 
56 
816 
423 
403 
448 
608 
416 
914 
233 
775 
751 
401 
410 
54 
802 
174 
75 
966 
951 
172 
912 
763 
77 
696 
590 
398 
52 
931 
934 
189 
234 
18 
792 
855 
920 
410 
601 
442 
340 
920 
280 
760 
152 
240 
518 
906 
723 
587 
548 
115 
999 
655 
881 
592 
395 
786 
291 
941 
681 
910 
78 
956 
730 
284 
211 
955 
969 
410 
531 
139 
782 
758 
605 
496 
156 
312 
340 
974 
148 
731 
196 
256 
131 
549 
694 
255 
178 
808 
994 
545 
549 
463 
476 
567 
406 
36 
939 
132 
554 
945 
958 
819 
804 
198 
183 
408 
377 
195 
964 
186 
252 
342 
308 
255 
787 
727 
696 
144 
674 
586 
954 
863 
342 
413 
153 
143 
700 
75 
157 
26 
571 
448 
849 
680 
536 
350 
87 
615 
880 
423 
120 
14 
507 
124 
195 
599 
855 
645 
638 
732 
659 
682 
683 
249 
269 
634 
541 
274 
654 
777 
307 
510 
436 
935 
740 
700 
936 
223 
804 
933 
946 
814 
710 
11 
753 
285 
194 
8 
975 
647 
377 
34 
741 
623 
487 
214 
683 
188 
479 
402 
138 
950 
853 
615 
478 
846 
112 
935 
798 
633 
687 
107 
301 
838 
742 
504 
662 
0 
129 
827 
700 
733 
712 
379 
432 
440 
227 
198 
686 
492 
680 
46 
858 
906 
819 
301 
471 
205 
317 
983 
512 
596 
576 
272 
659 
855 
169 
134 
738 
718 
919 
863 
332 
719 
852 
638 
4 
438 
490 
338 
832 
777 
799 
503 
117 
693 
180 
457 
480 
619 
114 
758 
304 
631 
566 
28 
946 
43 
815 
620 
549 
623 
437 
853 
88 
540 
108 
995 
97 
353 
649 
929 
656 
701 
597 
844 
282 
630 
240 
898 
946 
890 
904 
716 
461 
763 
313 
904 
4 
232 
143 
458 
264 
867 
882 
691 
705 
789 
737 
946 
183 
728 
107 
963 
373 
270 
9 
757 
323 
238 
560 
369 
827 
632 
262 
623 
406 
753 
963 
587 
424 
608 
794 
456 
417 
873 
943 
739 
829 
642 
331 
764 
103 
541 
286 
360 
417 
614 
844 
707 
807 
77 
724 
76 
997 
813 
637 
793 
93 
94 
985 
229 
14 
473 
279 
967 
73 
803 
331 
749 
862 
395 
961 
568 
223 
806 
634 
201 
435 
443 
854 
933 
598 
139 
107 
853 
846 
827 
652 
849 
609 
789 
806 
374 
30 
252 
287 
190 
201 
783 
551 
935 
115 
231 
36 
254 
49 
508 
856 
797 
59 
125 
894 
755 
928 
223 
574 
995 
912 
881 
268 
960 
338 
573 
408 
31 
176 
720 
377 
565 
527 
982 
131 
675 
651 
920 
139 
263 
379 
367 
984 
317 
601 
150 
997 
341 
861 
331 
780 
727 
250 
70 
925 
141 
264 
917 
567 
599 
372 
311 
286 
149 
917 
999 
854 
272 
984 
884 
495 
114 
383 
143 
769 
160 
821 
820 
298 
332 
525 
965 
174 
432 
595 
379 
398 
648 
971 
30 
548 
943 
522 
39 
854 
5 
66 
244 
297 
959 
73 
132 
735 
639 
291 
492 
988 
886 
999 
633 
414 
983 
416 
598 
691 
726 
133 
376 
408 
353 
107 
392 
407 
318 
978 
273 
864 
45 
733 
556 
523 
663 
630 
560 
364 
447 
169 
181 
208 
751 
559 
131 
760 
327 
94 
510 
828 
314 
799 
749 
778 
369 
921 
451 
223 
212 
772 
37 
740 
421 
48 
814 
693 
472 
279 
416 
294 
457 
216 
875 
790 
172 
445 
283 
233 
706 
488 
644 
801 
435 
209 
73 
509 
191 
259 
159 
100 
505 
224 
707 
779 
670 
434 
331 
382 
170 
860 
835 
380 
901 
392 
510 
814 
492 
514 
104 
601 
778 
284 
986 
153 
417 
963 
278 
8 
787 
266 
435 
400 
774 
262 
779 
685 
336 
451 
995 
799 
470 
965 
538 
582 
555 
560 
294 
687 
752 
604 
572 
503 
743 
611 
486 
453 
588 
573 
642 
556 
742 
455 
472 
272 
986 
871 
100 
106 
505 
187 
357 
871 
11 
866 
133 
734 
276 
114 
403 
305 
686 
772 
941 
755 
111 
590 
369 
220 
901 
71 
870 
609 
415 
168 
198 
895 
341 
177 
639 
256 
347 
866 
11 
783 
594 
51 
116 
377 
695 
581 
748 
358 
656 
523 
892 
814 
708 
243 
827 
839 
771 
938 
714 
726 
710 
815 
277 
699 
968 
62 
20 
834 
341 
776 
515 
279 
482 
456 
567 
930 
525 
554 
978 
787 
486 
575 
457 
544 
134 
124 
556 
181 
774 
564 
581 
411 
380 
402 
109 
140 
850 
84 
683 
870 
744 
269 
702 
358 
331 
234 
686 
679 
253 
455 
13 
99 
694 
98 
252 
680 
299 
688 
219 
839 
951 
630 
1 
809 
952 
307 
829 
3 
507 
557 
188 
804 
890 
833 
604 
813 
261 
287 
560 
856 
447 
541 
741 
515 
962 
10 
316 
903 
965 
918 
754 
36 
733 
193 
84 
936 
498 
433 
847 
256 
316 
704 
518 
22 
661 
20 
757 
923 
553 
433 
630 
566 
219 
668 
554 
822 
897 
145 
507 
765 
900 
400 
63 
413 
481 
363 
599 
983 
171 
52 
305 
962 
348 
732 
475 
9 
481 
679 
737 
761 
182 
702 
456 
553 
226 
524 
812 
826 
36 
86 
567 
689 
182 
317 
91 
706 
17 
630 
666 
783 
666 
36 
316 
674 
603 
835 
209 
664 
85 
560 
783 
958 
516 
344 
718 
736 
203 
630 
914 
591 
610 
329 
897 
43 
205 
685 
446 
138 
327 
0 
525 
576 
455 
552 
495 
967 
778 
116 
64 
288 
289 
712 
944 
99 
156 
357 
447 
676 
662 
336 
229 
207 
11 
890 
945 
68 
440 
352 
543 
494 
322 
395 
999 
705 
626 
138 
964 
210 
495 
431 
898 
828 
685 
16 
236 
96 
861 
887 
333 
804 
196 
596 
325 
551 
560 
929 
46 
644 
600 
998 
536 
509 
843 
718 
105 
226 
508 
161 
809 
27 
541 
84 
294 
866 
410 
718 
643 
116 
783 
829 
110 
961 
940 
192 
578 
529 
39 
894 
962 
594 
11 
135 
7 
16 
657 
625 
140 
68 
44 
54 
623 
833 
625 
827 
883 
162 
678 
596 
420 
583 
306 
527 
475 
930 
342 
974 
331 
533 
627 
377 
731 
615 
548 
643 
117 
335 
996 
147 
822 
31 
187 
615 
270 
532 
925 
396 
650 
117 
20 
329 
329 
483 
975 
540 
404 
600 
627 
157 
898 
515 
425 
722 
818 
506 
856 
930 
690 
577 
949 
606 
991 
858 
199 
709 
46 
357 
776 
975 
771 
235 
737 
893 
328 
53 
261 
878 
297 
499 
98 
21 
861 
681 
771 
953 
39 
548 
897 
309 
125 
110 
370 
233 
305 
398 
427 
32 
55 
260 
674 
197 
238 
731 
447 
863 
650 
792 
565 
300 
137 
330 
371 
445 
541 
266 
856 
78 
329 
589 
478 
618 
488 
95 
974 
244 
842 
443 
988 
881 
832 
752 
580 
444 
394 
926 
845 
649 
31 
754 
214 
710 
797 
437 
606 
143 
762 
60 
872 
322 
746 
956 
647 
66 
113 
180 
934 
303 
267 
888 
84 
382 
186 
834 
845 
245 
473 
315 
404 
722 
639 
715 
232 
301 
269 
574 
508 
658 
547 
40 
868 
355 
696 
313 
301 
694 
609 
572 
124 
59 
132 
805 
458 
265 
429 
833 
54 
417 
361 
35 
907 
690 
217 
548 
803 
639 
897 
362 
860 
366 
962 
813 
891 
299 
708 
734 
879 
604 
16 
736 
807 
606 
341 
675 
630 
552 
841 
30 
413 
918 
995 
630 
450 
689 
943 
77 
40 
581 
377 
836 
455 
475 
269 
939 
149 
256 
430 
464 
365 
38 
182 
927 
943 
721 
150 
82 
969 
637 
206 
801 
828 
230 
735 
747 
673 
991 
263 
685 
750 
895 
829 
202 
468 
561 
773 
772 
475 
780 
166 
394 
824 
995 
386 
658 
189 
933 
470 
553 
617 
510 
811 
241 
435 
743 
757 
978 
529 
933 
826 
549 
437 
334 
420 
772 
779 
497 
978 
686 
468 
637 
268 
513 
95 
146 
950 
697 
592 
984 
799 
257 
569 
461 
146 
7 
456 
835 
892 
324 
513 
913 
87 
564 
462 
864 
975 
803 
420 
753 
660 
81 
352 
813 
511 
296 
330 
925 
392 
371 
664 
299 
287 
465 
286 
377 
737 
474 
117 
329 
325 
121 
202 
468 
936 
187 
720 
135 
206 
423 
664 
402 
794 
382 
280 
739 
488 
781 
761 
899 
273 
32 
846 
519 
902 
930 
386 
514 
313 
115 
33 
801 
128 
184 
714 
663 
299 
897 
427 
777 
873 
399 
94 
349 
166 
805 
867 
63 
215 
952 
397 
468 
353 
754 
737 
499 
270 
971 
724 
656 
409 
121 
53 
970 
957 
666 
947 
464 
305 
199 
568 
640 
927 
908 
142 
560 
222 
285 
121 
649 
292 
203 
557 
560 
895 
702 
633 
78 
598 
621 
237 
955 
227 
477 
112 
78 
356 
127 
877 
600 
586 
853 
518 
19 
906 
533 
249 
605 
987 
854 
746 
577 
438 
27 
106 
543 
669 
767 
223 
778 
517 
248 
636 
931 
237 
958 
682 
276 
220 
301 
558 
704 
46 
642 
581 
425 
696 
499 
166 
650 
916 
498 
911 
375 
495 
98 
755 
9 
177 
626 
194 
334 
708 
931 
481 
864 
953 
61 
323 
236 
567 
799 
288 
935 
557 
142 
758 
588 
74 
205 
725 
929 
203 
526 
639 
19 
653 
496 
456 
222 
660 
986 
626 
466 
507 
87 
108 
706 
781 
842 
596 
775 
67 
403 
747 
356 
958 
186 
440 
915 
936 
620 
535 
273 
846 
741 
187 
237 
993 
173 
9 
742 
94 
341 
992 
806 
138 
843 
166 
169 
473 
148 
684 
227 
209 
2 
85 
25 
899 
398 
251 
334 
530 
960 
283 
577 
510 
501 
738 
437 
483 
487 
527 
962 
494 
907 
994 
506 
872 
432 
614 
334 
679 
84 
4 
609 
369 
195 
72 
437 
690 
658 
439 
917 
991 
544 
433 
107 
899 
886 
404 
243 
139 
977 
897 
640 
542 
230 
267 
398 
175 
493 
188 
647 
389 
241 
594 
385 
42 
151 
251 
848 
451 
636 
485 
256 
40 
564 
298 
958 
221 
305 
689 
496 
168 
281 
319 
833 
724 
107 
832 
530 
325 
75 
473 
317 
493 
540 
960 
4 
78 
517 
247 
882 
504 
263 
28 
623 
285 
390 
428 
522 
116 
654 
330 
250 
595 
216 
538 
198 
497 
596 
179 
398 
491 
865 
828 
225 
917 
388 
302 
896 
211 
46 
691 
227 
672 
721 
869 
506 
222 
795 
226 
559 
263 
388 
222 
243 
101 
237 
913 
757 
285 
545 
723 
714 
729 
193 
157 
777 
93 
986 
442 
639 
530 
361 
63 
939 
282 
523 
270 
842 
163 
198 
169 
429 
80 
916 
653 
961 
948 
209 
276 
64 
320 
826 
40 
174 
910 
560 
213 
215 
423 
790 
206 
327 
11 
567 
155 
906 
399 
900 
658 
549 
844 
653 
979 
556 
717 
509 
680 
342 
520 
635 
540 
38 
497 
334 
403 
923 
796 
112 
755 
914 
42 
815 
274 
506 
213 
336 
768 
312 
823 
644 
614 
996 
584 
856 
991 
196 
831 
160 
678 
0 
91 
660 
464 
966 
986 
221 
243 
551 
801 
97 
391 
545 
125 
797 
324 
398 
586 
515 
781 
709 
90 
805 
188 
0 
56 
448 
781 
206 
277 
884 
791 
73 
51 
603 
584 
666 
993 
432 
688 
868 
926 
474 
738 
614 
513 
33 
662 
981 
696 
129 
386 
250 
239 
453 
355 
895 
588 
405 
310 
272 
721 
490 
323 
608 
377 
889 
445 
553 
391 
935 
795 
896 
755 
76 
491 
760 
854 
843 
55 
910 
464 
73 
320 
149 
816 
684 
251 
395 
628 
414 
9 
915 
25 
274 
203 
869 
933 
118 
742 
411 
859 
185 
315 
109 
296 
375 
426 
383 
532 
34 
432 
593 
698 
884 
398 
687 
331 
851 
941 
963 
671 
732 
694 
488 
22 
627 
127 
104 
703 
65 
875 
320 
511 
967 
392 
729 
908 
250 
559 
19 
362 
743 
416 
582 
558 
505 
677 
281 
569 
633 
183 
814 
407 
862 
654 
941 
120 
125 
877 
9 
791 
610 
860 
728 
497 
552 
635 
894 
72 
221 
523 
804 
737 
594 
791 
717 
555 
57 
595 
642 
746 
199 
436 
542 
874 
877 
560 
292 
623 
442 
7 
496 
652 
43 
258 
379 
707 
5 
43 
491 
85 
217 
493 
402 
482 
234 
38 
982 
627 
996 
602 
849 
885 
205 
777 
258 
465 
24 
324 
156 
411 
967 
692 
693 
631 
57 
940 
921 
995 
645 
848 
320 
433 
574 
654 
613 
691 
103 
563 
113 
756 
489 
689 
280 
980 
634 
520 
522 
924 
960 
707 
516 
27 
655 
36 
640 
656 
991 
555 
530 
721 
585 
675 
165 
188 
731 
37 
70 
196 
131 
704 
294 
351 
576 
465 
446 
757 
727 
904 
110 
651 
213 
780 
118 
56 
480 
608 
665 
311 
587 
829 
215 
751 
425 
74 
562 
8 
841 
754 
699 
567 
803 
725 
925 
635 
171 
9 
386 
449 
747 
794 
246 
629 
254 
855 
377 
586 
906 
367 
8 
532 
229 
36 
350 
916 
324 
64 
191 
739 
928 
389 
565 
338 
633 
49 
855 
490 
895 
785 
278 
256 
983 
285 
370 
731 
659 
861 
469 
673 
190 
738 
126 
606 
478 
760 
144 
319 
467 
282 
484 
46 
118 
143 
29 
855 
853 
564 
914 
146 
711 
498 
361 
418 
979 
401 
138 
181 
182 
268 
938 
341 
148 
71 
457 
943 
230 
359 
870 
33 
293 
602 
321 
945 
254 
527 
817 
660 
559 
86 
615 
957 
753 
698 
475 
606 
70 
558 
654 
91 
444 
95 
696 
653 
547 
344 
122 
605 
92 
811 
166 
634 
267 
287 
798 
876 
46 
829 
723 
266 
30 
824 
455 
625 
565 
716 
756 
533 
616 
173 
238 
925 
248 
667 
183 
642 
252 
301 
458 
473 
777 
332 
970 
434 
876 
833 
459 
95 
615 
650 
137 
224 
106 
449 
145 
278 
564 
957 
244 
111 
3 
749 
195 
267 
32 
90 
207 
844 
78 
772 
784 
315 
940 
984 
585 
248 
401 
593 
833 
745 
952 
133 
517 
824 
188 
561 
76 
326 
342 
375 
740 
60 
868 
790 
739 
820 
108 
315 
176 
531 
938 
591 
635 
786 
342 
609 
378 
629 
609 
918 
894 
92 
226 
734 
686 
784 
628 
921 
394 
600 
130 
697 
410 
764 
414 
961 
608 
873 
733 
70 
26 
943 
231 
750 
693 
127 
918 
127 
87 
98 
597 
784 
68 
750 
12 
989 
532 
169 
873 
751 
922 
51 
32 
267 
559 
647 
790 
85 
216 
906 
35 
164 
366 
591 
846 
399 
693 
699 
245 
0 
511 
445 
413 
632 
761 
991 
223 
211 
774 
939 
324 
902 
931 
216 
330 
206 
484 
868 
783 
450 
429 
447 
549 
948 
562 
493 
767 
156 
515 
516 
539 
470 
514 
966 
432 
61 
599 
137 
18 
24 
502 
94 
708 
451 
215 
519 
710 
641 
383 
324 
823 
737 
325 
911 
684 
782 
352 
631 
697 
260 
254 
410 
655 
624 
96 
159 
287 
135 
117 
699 
358 
594 
331 
137 
10 
640 
709 
271 
732 
316 
290 
647 
974 
89 
738 
604 
23 
411 
302 
958 
132 
952 
760 
871 
394 
863 
785 
790 
633 
543 
602 
4 
147 
171 
781 
542 
469 
868 
869 
602 
133 
520 
531 
973 
21 
810 
411 
412 
559 
586 
582 
234 
826 
95 
792 
969 
427 
825 
13 
364 
919 
972 
328 
269 
464 
778 
900 
747 
886 
768 
63 
526 
752 
84 
804 
174 
540 
901 
304 
112 
155 
371 
422 
650 
856 
17 
863 
434 
531 
769 
740 
122 
313 
198 
710 
830 
726 
287 
105 
1 
781 
363 
643 
484 
375 
384 
635 
625 
826 
753 
360 
600 
316 
375 
888 
440 
257 
206 
931 
808 
729 
492 
526 
37 
310 
533 
684 
375 
292 
811 
642 
752 
769 
837 
410 
428 
655 
109 
618 
671 
40 
222 
741 
124 
490 
53 
411 
266 
619 
847 
637 
60 
78 
572 
532 
128 
662 
378 
866 
479 
163 
309 
592 
415 
187 
838 
914 
270 
426 
26 
480 
928 
61 
860 
518 
51 
228 
101 
487 
601 
558 
515 
373 
741 
881 
664 
748 
841 
378 
596 
856 
72 
978 
822 
636 
216 
394 
711 
620 
970 
624 
679 
709 
212 
26 
844 
283 
870 
26 
832 
676 
117 
715 
18 
212 
525 
779 
968 
999 
130 
26 
516 
166 
432 
786 
860 
748 
577 
311 
423 
208 
679 
128 
924 
465 
147 
631 
581 
541 
957 
950 
565 
442 
989 
986 
325 
976 
202 
588 
765 
942 
217 
429 
857 
828 
496 
506 
321 
41 
659 
577 
406 
343 
830 
691 
162 
436 
20 
595 
872 
314 
272 
309 
700 
241 
131 
826 
795 
170 
685 
763 
342 
831 
295 
900 
499 
322 
552 
236 
877 
156 
126 
161 
789 
135 
279 
705 
872 
910 
929 
126 
979 
771 
663 
754 
181 
969 
725 
412 
788 
747 
6 
169 
67 
756 
59 
78 
554 
809 
471 
477 
510 
404 
145 
751 
91 
682 
770 
505 
311 
7 
168 
993 
560 
64 
330 
339 
265 
514 
156 
479 
289 
641 
549 
309 
389 
100 
175 
92 
527 
663 
551 
607 
214 
88 
854 
130 
528 
991 
327 
531 
582 
447 
538 
220 
735 
98 
360 
528 
519 
900 
80 
788 
977 
6 
585 
328 
763 
150 
577 
630 
617 
13 
902 
642 
364 
650 
659 
266 
13 
821 
933 
633 
29 
14 
111 
622 
782 
687 
194 
426 
287 
215 
121 
354 
460 
441 
740 
778 
493 
492 
706 
99 
952 
668 
293 
541 
809 
361 
169 
993 
849 
150 
390 
64 
612 
861 
390 
736 
679 
865 
624 
313 
994 
684 
174 
986 
43 
762 
988 
850 
891 
541 
434 
235 
821 
650 
844 
137 
548 
93 
800 
324 
572 
865 
384 
722 
68 
202 
920 
194 
562 
646 
98 
804 
375 
289 
104 
516 
189 
232 
730 
680 
350 
313 
673 
496 
743 
433 
27 
134 
285 
246 
632 
374 
574 
606 
188 
911 
676 
319 
982 
115 
493 
496 
415 
228 
943 
919 
512 
263 
58 
101 
414 
973 
341 
656 
71 
663 
94 
704 
201 
179 
341 
892 
784 
741 
16 
461 
729 
807 
564 
394 
590 
875 
234 
326 
961 
784 
288 
991 
267 
108 
970 
296 
911 
145 
345 
18 
11 
11 
483 
902 
79 
792 
810 
863 
882 
49 
913 
502 
57 
529 
101 
373 
728 
643 
241 
31 
542 
313 
780 
288 
980 
186 
942 
497 
679 
251 
921 
143 
382 
834 
445 
845 
30 
134 
639 
359 
748 
715 
514 
481 
802 
69 
502 
566 
422 
379 
592 
957 
783 
830 
866 
193 
226 
194 
149 
832 
292 
452 
941 
911 
272 
220 
908 
172 
468 
309 
9 
412 
711 
411 
690 
366 
717 
60 
63 
887 
894 
530 
601 
431 
964 
224 
307 
388 
316 
779 
464 
342 
447 
619 
53 
498 
577 
282 
32 
363 
233 
756 
722 
422 
603 
600 
313 
341 
210 
774 
553 
79 
642 
337 
739 
693 
949 
791 
870 
688 
371 
918 
454 
585 
728 
729 
986 
681 
393 
620 
602 
954 
287 
628 
585 
549 
527 
234 
879 
574 
273 
426 
890 
950 
128 
831 
407 
735 
257 
234 
707 
437 
175 
378 
847 
570 
534 
398 
11 
834 
319 
393 
401 
393 
636 
412 
486 
858 
253 
59 
813 
145 
249 
105 
469 
139 
321 
765 
931 
997 
225 
361 
675 
114 
552 
112 
763 
521 
459 
953 
712 
166 
925 
785 
302 
344 
249 
309 
858 
475 
123 
376 
770 
887 
908 
770 
527 
424 
692 
218 
338 
135 
613 
462 
781 
497 
62 
704 
91 
575 
141 
58 
218 
182 
49 
470 
944 
455 
142 
87 
212 
130 
146 
212 
30 
310 
832 
94 
850 
108 
683 
528 
41 
253 
765 
390 
273 
729 
464 
689 
806 
386 
877 
786 
736 
288 
36 
445 
591 
55 
219 
761 
68 
77 
906 
381 
106 
680 
494 
317 
301 
631 
236 
284 
458 
672 
377 
716 
479 
786 
328 
396 
652 
60 
315 
385 
482 
654 
661 
665 
971 
454 
40 
916 
795 
246 
650 
491 
365 
171 
486 
390 
753 
962 
32 
872 
92 
694 
801 
342 
272 
941 
420 
944 
462 
379 
223 
975 
753 
351 
510 
176 
437 
413 
212 
311 
536 
92 
668 
639 
943 
481 
984 
137 
156 
203 
23 
700 
447 
304 
740 
116 
835 
368 
245 
942 
299 
649 
489 
82 
924 
514 
133 
746 
108 
677 
1 
347 
747 
670 
214 
713 
833 
449 
355 
559 
777 
523 
361 
431 
420 
471 
251 
527 
665 
772 
346 
789 
923 
549 
120 
645 
147 
577 
819 
704 
192 
668 
789 
367 
965 
870 
49 
392 
490 
666 
480 
992 
421 
690 
469 
522 
370 
841 
510 
703 
800 
225 
701 
910 
487 
47 
245 
238 
887 
875 
592 
634 
898 
28 
312 
52 
732 
179 
437 
845 
298 
174 
199 
483 
442 
537 
741 
452 
817 
48 
349 
179 
826 
864 
324 
521 
837 
790 
576 
309 
151 
272 
980 
375 
825 
379 
196 
489 
211 
149 
378 
799 
338 
996 
936 
953 
271 
494 
839 
958 
442 
939 
415 
132 
407 
423 
200 
325 
752 
876 
481 
19 
259 
0 
15 
328 
269 
27 
416 
479 
31 
700 
72 
471 
312 
836 
467 
729 
652 
827 
396 
800 
388 
809 
14 
377 
749 
472 
49 
819 
933 
152 
680 
864 
75 
123 
928 
916 
687 
259 
299 
622 
978 
48 
526 
869 
927 
382 
455 
12 
570 
398 
780 
529 
191 
172 
32 
907 
374 
409 
863 
522 
246 
378 
780 
515 
312 
769 
760 
284 
230 
578 
830 
765 
539 
545 
949 
24 
508 
2 
918 
946 
624 
137 
862 
722 
388 
987 
478 
585 
810 
236 
833 
211 
554 
298 
974 
53 
689 
434 
983 
903 
978 
402 
345 
557 
355 
71 
53 
992 
849 
48 
990 
778 
726 
570 
788 
210 
601 
966 
784 
684 
967 
784 
193 
989 
810 
641 
574 
429 
7 
678 
341 
734 
939 
434 
764 
893 
536 
874 
286 
86 
901 
88 
696 
933 
28 
59 
900 
618 
689 
733 
662 
116 
999 
948 
141 
145 
196 
277 
780 
4 
840 
662 
546 
65 
50 
290 
894 
238 
44 
35 
367 
178 
544 
139 
644 
706 
67 
795 
47 
57 
433 
896 
247 
968 
137 
994 
846 
830 
826 
135 
680 
314 
846 
376 
349 
367 
942 
802 
201 
231 
151 
0 
450 
627 
123 
199 
329 
338 
619 
570 
813 
968 
547 
511 
796 
968 
926 
249 
748 
917 
740 
519 
641 
998 
993 
878 
935 
977 
640 
250 
731 
689 
903 
979 
493 
586 
373 
949 
369 
172 
306 
240 
286 
510 
902 
618 
917 
950 
685 
873 
790 
302 
136 
486 
761 
105 
255 
822 
529 
718 
631 
898 
117 
531 
662 
82 
657 
462 
959 
286 
730 
961 
762 
261 
57 
636 
834 
705 
802 
687 
582 
394 
886 
672 
144 
538 
414 
626 
994 
2 
88 
135 
331 
227 
415 
854 
636 
487 
606 
456 
239 
320 
269 
864 
234 
153 
687 
858 
840 
476 
67 
366 
793 
636 
682 
740 
356 
165 
401 
657 
42 
200 
7 
403 
316 
163 
32 
162 
503 
200 
508 
792 
271 
149 
426 
450 
746 
340 
241 
639 
575 
316 
912 
273 
343 
791 
99 
473 
290 
533 
337 
936 
845 
106 
21 
883 
91 
851 
962 
294 
561 
295 
730 
949 
271 
779 
296 
927 
99 
238 
517 
540 
160 
359 
424 
872 
31 
348 
25 
632 
92 
28 
264 
373 
861 
470 
529 
726 
623 
116 
619 
339 
418 
747 
449 
200 
613 
740 
329 
374 
172 
168 
51 
608 
105 
958 
44 
36 
970 
697 
84 
1 
138 
17 
804 
288 
625 
646 
436 
414 
272 
300 
468 
952 
920 
291 
41 
72 
907 
239 
323 
48 
926 
512 
653 
148 
924 
378 
564 
741 
814 
991 
171 
850 
730 
315 
934 
106 
986 
281 
686 
608 
95 
661 
165 
198 
301 
33 
386 
886 
616 
164 
199 
380 
327 
487 
97 
23 
217 
866 
432 
674 
301 
751 
920 
782 
566 
420 
286 
195 
335 
159 
887 
70 
843 
437 
182 
85 
32 
444 
564 
217 
205 
922 
533 
371 
425 
374 
128 
354 
582 
421 
679 
628 
943 
863 
929 
115 
573 
347 
76 
794 
608 
128 
223 
816 
660 
550 
342 
492 
202 
756 
231 
666 
529 
835 
717 
732 
580 
355 
298 
517 
13 
189 
227 
570 
98 
745 
303 
498 
72 
792 
176 
783 
54 
868 
309 
349 
387 
207 
663 
171 
138 
105 
474 
392 
908 
974 
30 
584 
926 
376 
591 
215 
197 
65 
114 
805 
368 
947 
882 
298 
310 
899 
273 
988 
999 
659 
266 
502 
327 
224 
207 
819 
248 
691 
886 
276 
518 
91 
642 
383 
681 
515 
263 
105 
751 
392 
197 
884 
969 
551 
777 
444 
999 
796 
712 
334 
781 
77 
486 
827 
408 
704 
695 
236 
20 
779 
795 
990 
304 
923 
535 
296 
373 
918 
305 
402 
218 
732 
292 
928 
123 
307 
301 
119 
475 
59 
189 
160 
584 
603 
793 
435 
254 
433 
430 
165 
487 
767 
801 
997 
833 
884 
118 
363 
536 
328 
446 
882 
302 
860 
727 
233 
904 
961 
39 
532 
75 
713 
520 
440 
367 
475 
587 
462 
954 
410 
606 
223 
688 
584 
936 
786 
138 
143 
382 
498 
324 
785 
919 
507 
940 
0 
789 
734 
159 
160 
77 
451 
758 
532 
873 
94 
402 
838 
931 
301 
987 
83 
533 
433 
47 
526 
807 
332 
873 
780 
441 
322 
896 
232 
689 
99 
922 
592 
583 
311 
49 
848 
935 
595 
180 
973 
839 
147 
273 
133 
930 
368 
530 
884 
876 
692 
229 
490 
455 
404 
696 
396 
293 
30 
493 
143 
463 
970 
811 
525 
333 
414 
277 
337 
943 
12 
694 
709 
292 
31 
877 
630 
424 
870 
918 
462 
187 
72 
209 
666 
424 
561 
655 
733 
756 
292 
898 
357 
680 
921 
252 
437 
151 
200 
627 
235 
396 
7 
43 
626 
294 
817 
117 
971 
453 
504 
719 
375 
138 
284 
579 
616 
994 
620 
724 
57 
836 
116 
207 
778 
819 
312 
895 
649 
733 
472 
659 
286 
557 
908 
204 
62 
494 
754 
281 
858 
865 
525 
357 
704 
217 
217 
636 
730 
949 
421 
577 
78 
357 
455 
292 
911 
25 
294 
11 
929 
431 
132 
246 
530 
963 
834 
775 
567 
660 
961 
130 
829 
940 
214 
489 
442 
103 
94 
827 
466 
576 
827 
46 
422 
265 
133 
642 
322 
250 
276 
872 
30 
180 
796 
107 
839 
886 
394 
590 
679 
911 
967 
39 
19 
997 
339 
930 
99 
526 
619 
840 
879 
901 
726 
889 
231 
391 
845 
984 
484 
414 
385 
607 
150 
573 
185 
435 
222 
101 
756 
104 
845 
256 
707 
160 
395 
325 
459 
424 
332 
868 
298 
212 
625 
146 
31 
332 
99 
150 
767 
127 
861 
940 
614 
575 
475 
786 
427 
36 
981 
354 
575 
774 
800 
592 
758 
189 
759 
948 
927 
180 
782 
634 
113 
486 
192 
344 
678 
758 
297 
615 
877 
957 
54 
454 
674 
528 
635 
347 
57 
32 
485 
891 
299 
911 
890 
629 
568 
671 
974 
162 
350 
29 
840 
447 
688 
286 
363 
726 
626 
944 
849 
210 
628 
372 
493 
618 
70 
915 
944 
207 
252 
783 
7 
697 
169 
59 
514 
735 
296 
157 
40 
462 
592 
267 
809 
749 
984 
316 
60 
30 
860 
665 
459 
478 
583 
348 
212 
65 
794 
647 
465 
136 
827 
31 
577 
260 
913 
155 
752 
632 
671 
280 
21 
618 
79 
119 
979 
170 
673 
289 
267 
726 
388 
89 
815 
549 
476 
171 
305 
699 
165 
492 
709 
788 
543 
762 
133 
36 
50 
365 
596 
158 
900 
215 
45 
132 
489 
736 
317 
391 
66 
764 
798 
791 
473 
545 
285 
205 
147 
675 
702 
623 
223 
450 
406 
940 
495 
808 
906 
521 
357 
715 
558 
275 
296 
218 
840 
13 
758 
430 
543 
284 
347 
310 
70 
937 
939 
823 
757 
351 
613 
3 
930 
447 
338 
218 
731 
488 
956 
543 
959 
642 
937 
229 
598 
525 
42 
553 
735 
469 
383 
977 
825 
1 
110 
341 
331 
612 
100 
877 
495 
243 
66 
76 
116 
49 
363 
116 
76 
912 
606 
121 
958 
368 
847 
322 
893 
645 
35 
333 
120 
516 
348 
546 
778 
885 
121 
284 
661 
768 
57 
123 
51 
489 
801 
661 
918 
278 
181 
158 
49 
115 
764 
541 
166 
635 
703 
106 
297 
418 
274 
445 
988 
833 
196 
536 
237 
98 
252 
944 
973 
324 
172 
832 
658 
353 
291 
70 
895 
718 
462 
594 
474 
818 
390 
812 
911 
115 
144 
853 
651 
286 
168 
89 
932 
909 
959 
204 
15 
454 
552 
835 
9 
241 
365 
44 
226 
914 
879 
624 
671 
688 
366 
527 
855 
397 
854 
557 
353 
520 
834 
764 
12 
503 
301 
546 
838 
200 
463 
805 
841 
122 
708 
852 
883 
679 
44 
655 
957 
677 
854 
258 
166 
550 
614 
525 
448 
44 
929 
408 
252 
225 
926 
502 
882 
286 
592 
871 
732 
898 
785 
987 
963 
854 
49 
899 
1 
302 
640 
562 
425 
730 
840 
684 
204 
94 
182 
853 
958 
375 
266 
541 
968 
183 
668 
891 
983 
363 
674 
432 
396 
699 
568 
326 
541 
593 
847 
961 
605 
510 
145 
516 
960 
513 
404 
926 
905 
385 
605 
166 
535 
590 
687 
981 
157 
11 
259 
684 
249 
654 
282 
142 
56 
34 
938 
95 
720 
333 
709 
564 
837 
206 
272 
501 
872 
890 
754 
553 
453 
991 
604 
353 
548 
776 
888 
295 
843 
130 
460 
792 
66 
662 
97 
224 
927 
305 
47 
261 
90 
952 
420 
551 
835 
32 
61 
894 
155 
772 
739 
444 
937 
448 
530 
156 
814 
606 
974 
828 
882 
399 
287 
591 
801 
13 
902 
982 
360 
718 
608 
416 
997 
219 
171 
303 
638 
130 
39 
301 
248 
729 
615 
791 
203 
564 
920 
321 
667 
408 
225 
234 
195 
481 
315 
618 
501 
449 
890 
497 
541 
914 
821 
385 
927 
486 
795 
518 
118 
613 
759 
957 
574 
215 
509 
331 
236 
578 
405 
216 
821 
94 
792 
19 
300 
239 
840 
336 
200 
603 
429 
160 
717 
37 
677 
383 
122 
761 
996 
203 
675 
96 
564 
323 
775 
735 
262 
111 
853 
539 
338 
207 
507 
231 
468 
695 
87 
506 
951 
673 
377 
691 
758 
907 
736 
734 
425 
858 
36 
867 
189 
143 
613 
701 
55 
721 
938 
984 
282 
723 
164 
463 
94 
752 
636 
205 
452 
84 
970 
922 
296 
181 
496 
816 
526 
754 
814 
391 
336 
115 
575 
54 
894 
969 
532 
282 
855 
238 
367 
244 
688 
72 
187 
334 
379 
74 
874 
822 
353 
324 
735 
327 
10 
645 
933 
436 
20 
494 
927 
126 
243 
456 
90 
152 
504 
321 
632 
432 
381 
587 
814 
145 
704 
373 
696 
176 
382 
254 
28 
707 
418 
863 
764 
64 
486 
240 
352 
893 
169 
230 
955 
332 
697 
580 
685 
346 
123 
687 
945 
479 
73 
407 
783 
208 
731 
618 
373 
980 
785 
603 
194 
140 
536 
691 
739 
447 
443 
71 
25 
116 
844 
915 
75 
369 
811 
108 
376 
475 
726 
332 
103 
487 
858 
34 
155 
73 
809 
648 
425 
707 
596 
593 
380 
217 
771 
882 
939 
826 
322 
704 
48 
689 
22 
971 
597 
564 
721 
362 
163 
733 
162 
831 
803 
328 
225 
500 
632 
732 
385 
846 
428 
357 
311 
624 
42 
225 
290 
747 
780 
522 
123 
637 
894 
548 
87 
208 
594 
287 
50 
821 
30 
662 
454 
72 
571 
769 
149 
998 
295 
297 
780 
604 
558 
130 
752 
25 
156 
269 
973 
983 
670 
55 
333 
990 
17 
980 
62 
442 
43 
104 
983 
430 
873 
695 
267 
488 
304 
619 
935 
879 
209 
767 
721 
163 
286 
498 
698 
51 
842 
573 
38 
525 
689 
752 
768 
114 
858 
394 
915 
799 
214 
392 
959 
523 
340 
616 
441 
54 
963 
191 
374 
959 
652 
727 
113 
73 
454 
132 
483 
423 
740 
249 
106 
157 
445 
679 
966 
289 
306 
854 
951 
489 
749 
423 
979 
135 
759 
97 
151 
594 
338 
530 
747 
983 
121 
417 
499 
432 
966 
282 
467 
484 
402 
993 
516 
208 
682 
330 
20 
955 
695 
240 
650 
496 
814 
277 
994 
991 
442 
394 
286 
709 
591 
655 
430 
86 
329 
661 
528 
112 
324 
90 
36 
42 
133 
389 
402 
548 
440 
242 
517 
481 
579 
88 
667 
346 
251 
537 
285 
213 
918 
418 
605 
774 
641 
84 
286 
636 
667 
403 
792 
64 
633 
741 
827 
833 
915 
676 
380 
363 
591 
223 
830 
697 
725 
518 
763 
185 
427 
221 
388 
616 
625 
667 
508 
781 
847 
611 
435 
626 
510 
474 
522 
320 
293 
922 
275 
754 
949 
375 
939 
381 
143 
977 
130 
62 
116 
537 
106 
628 
773 
615 
862 
480 
293 
523 
805 
963 
331 
458 
327 
47 
684 
59 
591 
152 
304 
523 
833 
164 
420 
198 
671 
409 
633 
319 
71 
261 
186 
274 
39 
908 
395 
48 
59 
710 
792 
955 
710 
935 
812 
890 
591 
747 
764 
462 
278 
217 
803 
470 
216 
815 
191 
441 
647 
31 
963 
195 
869 
376 
582 
209 
546 
800 
620 
744 
588 
673 
748 
122 
311 
17 
378 
675 
726 
806 
470 
339 
504 
642 
684 
893 
158 
924 
109 
519 
275 
143 
870 
123 
997 
182 
936 
710 
716 
856 
216 
270 
313 
897 
232 
466 
873 
681 
413 
12 
714 
697 
810 
770 
828 
939 
213 
190 
955 
866 
472 
970 
141 
490 
923 
824 
415 
152 
792 
729 
581 
709 
247 
92 
889 
375 
995 
81 
300 
640 
901 
142 
795 
355 
168 
115 
987 
861 
252 
497 
392 
177 
791 
448 
235 
287 
753 
521 
178 
917 
446 
873 
812 
533 
305 
248 
765 
489 
311 
952 
135 
685 
426 
274 
2 
877 
448 
925 
589 
239 
499 
688 
277 
625 
25 
498 
885 
366 
895 
176 
295 
37 
642 
335 
490 
586 
422 
443 
645 
322 
363 
647 
330 
921 
404 
654 
391 
286 
2 
569 
649 
985 
713 
369 
209 
371 
888 
480 
900 
103 
647 
251 
869 
232 
340 
195 
566 
900 
159 
957 
488 
647 
87 
854 
479 
227 
548 
194 
41 
534 
398 
839 
592 
20 
253 
654 
45 
502 
3 
642 
192 
419 
672 
716 
957 
223 
948 
653 
401 
50 
138 
501 
46 
866 
331 
916 
579 
563 
472 
616 
56 
37 
884 
575 
713 
343 
81 
157 
664 
803 
746 
887 
848 
546 
233 
969 
175 
585 
91 
493 
763 
460 
888 
293 
96 
610 
695 
227 
273 
433 
321 
606 
30 
836 
461 
40 
252 
266 
452 
927 
739 
217 
637 
936 
292 
26 
892 
986 
162 
591 
607 
922 
827 
562 
698 
283 
206 
208 
227 
369 
607 
422 
608 
822 
648 
202 
575 
316 
555 
645 
758 
355 
966 
920 
253 
397 
429 
413 
344 
177 
582 
975 
785 
966 
873 
637 
990 
464 
663 
842 
423 
975 
501 
353 
675 
726 
553 
799 
355 
673 
372 
881 
687 
963 
760 
176 
544 
998 
267 
642 
581 
452 
357 
635 
666 
535 
895 
740 
22 
260 
316 
930 
763 
101 
820 
434 
932 
446 
711 
988 
450 
664 
863 
685 
295 
613 
401 
18 
983 
819 
454 
658 
195 
229 
196 
627 
432 
894 
218 
471 
112 
599 
804 
584 
408 
154 
300 
882 
153 
152 
810 
288 
650 
33 
597 
850 
934 
602 
354 
869 
722 
596 
813 
179 
611 
426 
838 
