60 
130 
891 
707 
863 
508 
814 
18 
185 
69 
327 
425 
350 
178 
12 
877 
301 
606 
125 
291 
628 
791 
57 
247 
349 
576 
507 
171 
824 
328 
779 
949 
952 
315 
202 
116 
610 
304 
350 
940 
499 
131 
47 
175 
754 
276 
209 
871 
382 
711 
531 
777 
601 
541 
63 
284 
733 
395 
124 
659 
206 
146 
776 
823 
552 
703 
313 
745 
546 
844 
182 
230 
940 
494 
825 
35 
685 
688 
312 
603 
880 
832 
780 
375 
335 
952 
562 
429 
128 
960 
248 
229 
911 
450 
410 
800 
261 
822 
222 
17 
664 
647 
405 
256 
755 
910 
131 
781 
311 
102 
448 
810 
545 
527 
544 
868 
134 
535 
976 
443 
53 
134 
874 
400 
108 
768 
523 
551 
22 
104 
203 
613 
347 
451 
4 
867 
432 
195 
942 
676 
728 
886 
171 
867 
747 
30 
695 
601 
231 
250 
546 
958 
804 
452 
193 
717 
820 
76 
73 
621 
787 
509 
726 
700 
675 
207 
779 
479 
611 
997 
970 
8 
193 
160 
847 
791 
861 
564 
304 
405 
553 
40 
168 
709 
526 
212 
436 
747 
72 
102 
141 
265 
356 
366 
303 
311 
656 
83 
954 
683 
173 
333 
663 
394 
961 
724 
501 
238 
576 
24 
20 
369 
956 
299 
857 
144 
370 
77 
36 
83 
278 
486 
927 
308 
842 
65 
648 
894 
995 
695 
336 
248 
77 
513 
741 
402 
145 
362 
509 
271 
123 
604 
691 
908 
456 
866 
983 
816 
336 
79 
697 
572 
16 
389 
983 
517 
364 
599 
976 
992 
19 
643 
855 
45 
59 
218 
355 
159 
551 
307 
598 
363 
582 
327 
133 
927 
998 
333 
32 
453 
432 
9 
91 
87 
862 
113 
212 
69 
658 
793 
774 
174 
825 
207 
789 
123 
704 
193 
466 
818 
453 
469 
385 
857 
42 
49 
970 
353 
989 
205 
613 
422 
283 
797 
394 
828 
15 
715 
175 
780 
469 
69 
963 
727 
364 
419 
75 
938 
371 
780 
234 
554 
515 
281 
839 
274 
669 
994 
490 
139 
998 
504 
454 
732 
752 
970 
53 
178 
603 
468 
552 
337 
620 
149 
39 
268 
284 
223 
1 
49 
964 
389 
555 
800 
863 
856 
814 
774 
178 
450 
788 
29 
751 
631 
635 
798 
320 
120 
182 
386 
450 
322 
71 
605 
711 
887 
394 
900 
929 
548 
206 
729 
236 
562 
133 
780 
251 
752 
519 
388 
590 
769 
393 
22 
442 
274 
123 
445 
706 
904 
235 
651 
77 
983 
420 
87 
423 
437 
995 
752 
572 
304 
452 
585 
714 
605 
567 
973 
663 
283 
281 
860 
243 
439 
409 
375 
423 
34 
8 
601 
478 
344 
564 
966 
162 
834 
103 
696 
979 
318 
243 
279 
412 
316 
153 
169 
470 
725 
35 
652 
9 
672 
782 
503 
248 
13 
836 
671 
204 
29 
960 
905 
516 
297 
331 
650 
548 
706 
975 
983 
683 
113 
579 
123 
809 
161 
6 
139 
889 
194 
143 
344 
595 
895 
356 
341 
797 
337 
481 
215 
299 
525 
540 
101 
709 
683 
663 
208 
536 
953 
549 
373 
848 
240 
873 
785 
820 
630 
435 
861 
434 
347 
540 
370 
188 
607 
924 
269 
395 
164 
890 
870 
308 
768 
196 
342 
560 
791 
655 
240 
360 
70 
457 
234 
632 
482 
573 
955 
428 
426 
144 
39 
345 
890 
841 
73 
717 
450 
526 
592 
553 
543 
805 
221 
597 
992 
191 
188 
813 
971 
212 
833 
643 
537 
379 
573 
974 
151 
793 
185 
313 
7 
260 
554 
174 
590 
632 
286 
805 
511 
90 
254 
399 
584 
243 
716 
624 
108 
215 
838 
61 
177 
670 
100 
242 
586 
955 
271 
119 
231 
915 
978 
316 
276 
728 
926 
786 
815 
535 
400 
236 
326 
127 
70 
70 
305 
492 
218 
845 
11 
538 
133 
207 
423 
637 
944 
404 
593 
640 
615 
629 
698 
596 
399 
436 
352 
148 
618 
588 
998 
912 
832 
490 
183 
806 
336 
781 
17 
503 
455 
642 
47 
321 
89 
931 
327 
688 
526 
73 
686 
11 
70 
375 
433 
925 
536 
905 
805 
472 
894 
301 
937 
553 
486 
744 
50 
112 
149 
292 
95 
806 
645 
25 
7 
540 
361 
226 
104 
905 
29 
353 
441 
764 
971 
238 
610 
27 
964 
347 
186 
772 
36 
955 
265 
826 
593 
797 
111 
219 
317 
908 
517 
127 
489 
233 
435 
362 
709 
627 
33 
638 
662 
813 
650 
715 
527 
480 
774 
1 
819 
83 
495 
240 
354 
361 
910 
533 
106 
682 
999 
351 
519 
780 
394 
931 
790 
667 
555 
5 
606 
518 
228 
672 
425 
180 
322 
568 
658 
607 
765 
213 
262 
824 
180 
187 
176 
404 
169 
744 
768 
821 
328 
622 
844 
68 
598 
186 
66 
421 
807 
107 
628 
291 
168 
831 
341 
111 
911 
842 
155 
203 
328 
465 
709 
515 
905 
278 
631 
286 
168 
269 
116 
873 
931 
30 
555 
12 
137 
363 
861 
986 
79 
893 
294 
419 
629 
674 
154 
188 
858 
483 
682 
394 
197 
363 
599 
27 
86 
297 
22 
982 
405 
882 
941 
115 
321 
160 
253 
397 
83 
904 
280 
311 
11 
475 
461 
149 
755 
731 
705 
925 
516 
249 
312 
622 
14 
484 
397 
856 
284 
916 
366 
548 
134 
167 
60 
293 
992 
484 
713 
550 
108 
751 
915 
278 
388 
549 
928 
578 
522 
800 
554 
530 
755 
557 
61 
871 
249 
139 
358 
730 
809 
159 
479 
585 
749 
606 
312 
310 
890 
362 
656 
112 
948 
353 
917 
926 
280 
698 
136 
345 
202 
650 
820 
369 
129 
174 
280 
203 
440 
610 
995 
770 
958 
169 
888 
236 
240 
254 
563 
766 
174 
970 
138 
570 
707 
126 
159 
223 
672 
628 
933 
98 
204 
321 
112 
508 
637 
990 
266 
228 
954 
983 
76 
327 
404 
443 
994 
725 
897 
134 
466 
421 
987 
139 
622 
652 
553 
990 
72 
370 
997 
161 
270 
333 
766 
285 
598 
938 
30 
11 
187 
329 
759 
779 
696 
145 
873 
365 
372 
52 
375 
471 
399 
732 
387 
55 
749 
166 
487 
369 
113 
422 
973 
242 
43 
859 
425 
589 
933 
812 
974 
598 
618 
739 
422 
790 
671 
897 
7 
439 
703 
66 
394 
297 
834 
83 
181 
252 
798 
233 
339 
422 
761 
899 
930 
399 
557 
259 
86 
947 
333 
745 
884 
231 
775 
465 
809 
544 
379 
182 
892 
753 
611 
854 
274 
844 
962 
784 
625 
691 
690 
516 
78 
510 
985 
18 
715 
583 
452 
197 
483 
109 
503 
977 
624 
46 
51 
827 
151 
537 
913 
64 
370 
51 
591 
121 
167 
79 
768 
77 
191 
379 
984 
759 
433 
569 
849 
154 
159 
796 
79 
114 
954 
564 
707 
749 
506 
995 
942 
457 
512 
72 
236 
232 
728 
428 
315 
346 
57 
12 
492 
129 
799 
750 
417 
715 
34 
199 
600 
611 
240 
460 
895 
529 
361 
535 
696 
691 
58 
917 
887 
532 
788 
350 
722 
605 
933 
101 
792 
553 
528 
849 
701 
37 
817 
282 
597 
983 
811 
40 
582 
622 
453 
352 
300 
506 
242 
984 
15 
598 
792 
6 
199 
539 
940 
915 
611 
263 
707 
638 
510 
846 
460 
535 
915 
591 
133 
416 
539 
939 
523 
699 
629 
881 
974 
600 
797 
422 
123 
373 
463 
723 
900 
876 
829 
279 
62 
207 
864 
446 
449 
495 
524 
874 
869 
53 
215 
978 
779 
640 
900 
40 
298 
289 
594 
943 
427 
219 
298 
196 
206 
136 
169 
252 
558 
423 
906 
327 
547 
10 
233 
859 
543 
479 
371 
596 
836 
821 
473 
611 
539 
562 
279 
285 
559 
890 
896 
125 
956 
579 
660 
60 
986 
975 
445 
528 
623 
737 
198 
339 
387 
235 
493 
365 
821 
520 
922 
748 
271 
293 
280 
300 
645 
446 
845 
450 
868 
390 
901 
605 
81 
398 
307 
791 
791 
330 
466 
823 
933 
721 
344 
515 
639 
140 
676 
525 
331 
432 
226 
915 
919 
895 
557 
548 
778 
371 
477 
159 
80 
341 
73 
790 
378 
821 
142 
243 
781 
379 
360 
874 
313 
702 
928 
136 
493 
411 
144 
522 
338 
616 
971 
688 
893 
553 
944 
19 
600 
610 
696 
581 
883 
566 
597 
248 
31 
40 
406 
283 
716 
265 
584 
808 
500 
289 
640 
489 
671 
9 
438 
308 
552 
360 
252 
508 
831 
932 
176 
74 
225 
483 
125 
427 
333 
395 
217 
708 
280 
671 
514 
388 
188 
939 
314 
217 
980 
50 
341 
710 
259 
861 
969 
691 
902 
303 
38 
589 
279 
199 
941 
768 
979 
430 
101 
954 
550 
890 
700 
361 
278 
913 
523 
48 
389 
18 
53 
318 
155 
369 
538 
712 
179 
401 
95 
712 
532 
743 
472 
229 
76 
724 
488 
549 
640 
315 
832 
496 
255 
852 
534 
560 
391 
320 
664 
830 
575 
926 
562 
326 
944 
749 
373 
717 
182 
563 
504 
802 
35 
22 
106 
499 
125 
913 
89 
562 
967 
49 
397 
704 
230 
584 
73 
815 
437 
866 
43 
78 
603 
518 
89 
81 
946 
816 
166 
32 
620 
252 
373 
321 
217 
677 
366 
552 
236 
911 
503 
414 
167 
969 
53 
231 
628 
360 
851 
640 
982 
112 
633 
217 
391 
460 
441 
888 
979 
80 
110 
734 
908 
644 
902 
94 
872 
60 
314 
547 
976 
830 
819 
569 
666 
995 
695 
583 
897 
954 
964 
635 
508 
202 
124 
982 
228 
846 
682 
210 
538 
406 
804 
449 
64 
115 
850 
104 
470 
411 
190 
28 
817 
286 
612 
491 
335 
935 
396 
39 
854 
415 
69 
398 
245 
471 
76 
885 
699 
45 
437 
207 
639 
10 
258 
880 
167 
81 
466 
263 
469 
321 
875 
779 
759 
166 
483 
269 
494 
181 
563 
959 
377 
991 
773 
923 
107 
305 
152 
519 
522 
929 
282 
199 
978 
995 
581 
44 
433 
157 
253 
412 
4 
39 
889 
897 
170 
24 
823 
990 
983 
781 
85 
16 
716 
434 
14 
665 
989 
742 
729 
251 
715 
338 
656 
203 
699 
819 
599 
732 
374 
232 
812 
86 
195 
629 
927 
557 
18 
754 
513 
599 
554 
134 
418 
889 
414 
768 
213 
705 
235 
175 
55 
297 
661 
848 
952 
394 
930 
824 
8 
48 
335 
930 
694 
213 
145 
43 
789 
480 
799 
917 
529 
503 
175 
993 
729 
338 
382 
448 
356 
354 
404 
116 
16 
882 
39 
306 
353 
413 
247 
707 
608 
176 
258 
611 
244 
953 
872 
121 
453 
697 
914 
577 
262 
270 
262 
998 
290 
203 
598 
972 
683 
84 
506 
196 
679 
309 
899 
297 
68 
59 
442 
284 
446 
77 
920 
139 
598 
859 
607 
287 
532 
16 
57 
837 
737 
700 
752 
141 
550 
101 
869 
338 
458 
296 
532 
937 
210 
194 
352 
605 
865 
524 
755 
490 
602 
22 
697 
577 
915 
410 
102 
620 
53 
325 
525 
3 
929 
218 
723 
301 
829 
192 
139 
978 
431 
316 
922 
905 
490 
930 
110 
822 
463 
768 
411 
615 
405 
595 
262 
798 
612 
551 
254 
17 
446 
57 
679 
113 
607 
711 
8 
944 
391 
482 
112 
366 
453 
170 
565 
629 
966 
987 
485 
740 
678 
840 
80 
833 
519 
693 
189 
107 
360 
617 
709 
30 
15 
723 
245 
480 
562 
459 
120 
956 
602 
989 
396 
709 
322 
42 
99 
917 
799 
152 
853 
886 
48 
19 
652 
441 
783 
219 
816 
845 
160 
408 
28 
563 
705 
843 
785 
384 
379 
207 
321 
274 
241 
576 
895 
182 
166 
811 
77 
769 
788 
214 
422 
829 
666 
513 
229 
319 
678 
461 
381 
327 
731 
116 
291 
640 
172 
786 
921 
376 
898 
858 
21 
490 
490 
348 
345 
2 
371 
517 
35 
768 
838 
583 
232 
570 
887 
923 
829 
3 
323 
180 
886 
600 
586 
630 
27 
404 
871 
463 
111 
442 
214 
12 
682 
547 
941 
791 
850 
817 
806 
128 
726 
84 
332 
674 
459 
378 
316 
848 
522 
612 
15 
983 
2 
983 
797 
533 
674 
888 
507 
794 
178 
140 
751 
198 
146 
47 
60 
403 
578 
83 
674 
77 
348 
75 
455 
983 
807 
32 
356 
744 
990 
924 
921 
790 
929 
229 
387 
569 
961 
940 
119 
851 
9 
463 
887 
103 
4 
404 
484 
992 
530 
919 
428 
955 
319 
382 
103 
551 
581 
275 
197 
531 
200 
529 
618 
66 
466 
666 
476 
179 
993 
296 
156 
411 
94 
907 
323 
879 
296 
923 
728 
676 
72 
23 
15 
514 
37 
605 
579 
961 
683 
122 
287 
290 
32 
212 
90 
585 
479 
286 
905 
962 
161 
348 
242 
866 
984 
704 
254 
302 
277 
28 
709 
354 
101 
753 
937 
971 
816 
623 
292 
645 
851 
790 
99 
333 
118 
269 
424 
134 
735 
121 
306 
446 
768 
304 
872 
382 
599 
125 
430 
149 
189 
495 
990 
767 
650 
278 
490 
701 
719 
742 
825 
276 
651 
999 
593 
594 
2 
723 
188 
878 
762 
938 
334 
624 
104 
27 
182 
209 
387 
108 
859 
820 
415 
755 
73 
204 
582 
966 
691 
240 
489 
616 
635 
373 
485 
509 
824 
707 
748 
880 
520 
459 
224 
242 
670 
879 
904 
198 
485 
370 
468 
395 
38 
409 
627 
826 
566 
962 
824 
688 
116 
124 
392 
22 
121 
768 
351 
511 
337 
999 
332 
466 
729 
900 
82 
505 
786 
291 
888 
689 
733 
969 
723 
931 
559 
710 
410 
842 
718 
721 
138 
822 
596 
210 
67 
320 
788 
70 
83 
239 
163 
190 
714 
794 
306 
233 
662 
471 
873 
868 
688 
652 
517 
655 
398 
700 
733 
674 
562 
60 
953 
399 
419 
478 
756 
658 
674 
61 
84 
966 
808 
355 
895 
233 
70 
64 
609 
35 
357 
388 
451 
547 
456 
430 
838 
387 
574 
349 
664 
949 
636 
88 
334 
998 
322 
737 
475 
946 
53 
79 
792 
152 
558 
564 
685 
471 
488 
828 
638 
961 
927 
471 
65 
959 
256 
953 
567 
902 
931 
872 
714 
344 
96 
957 
566 
829 
641 
951 
426 
556 
564 
628 
641 
709 
661 
74 
868 
177 
345 
757 
570 
212 
429 
673 
211 
897 
904 
267 
289 
14 
446 
923 
32 
362 
623 
981 
296 
981 
767 
208 
769 
127 
175 
549 
766 
188 
277 
524 
876 
317 
927 
412 
221 
66 
285 
450 
248 
311 
896 
773 
156 
85 
997 
663 
797 
435 
647 
430 
973 
389 
620 
331 
223 
459 
678 
106 
176 
989 
166 
364 
631 
789 
740 
938 
510 
581 
753 
762 
25 
388 
712 
527 
263 
323 
458 
524 
439 
156 
514 
857 
61 
229 
256 
881 
532 
817 
242 
611 
750 
824 
920 
240 
610 
417 
502 
596 
838 
125 
615 
537 
877 
469 
512 
400 
114 
406 
140 
905 
182 
580 
550 
6 
823 
61 
563 
690 
929 
624 
17 
263 
849 
950 
731 
305 
16 
951 
151 
77 
940 
840 
97 
975 
469 
292 
441 
690 
319 
400 
346 
944 
275 
923 
301 
436 
235 
454 
726 
558 
438 
465 
140 
920 
400 
398 
87 
447 
606 
73 
837 
348 
961 
256 
182 
475 
953 
56 
857 
275 
195 
376 
286 
815 
454 
562 
757 
365 
146 
519 
63 
253 
642 
154 
196 
252 
276 
816 
380 
826 
167 
391 
394 
800 
452 
372 
686 
710 
272 
657 
338 
388 
401 
719 
463 
127 
550 
336 
128 
823 
812 
217 
959 
351 
78 
133 
983 
588 
221 
93 
995 
801 
505 
207 
637 
946 
142 
269 
329 
856 
627 
384 
370 
917 
767 
124 
981 
760 
580 
245 
837 
499 
360 
514 
95 
91 
378 
306 
983 
72 
154 
964 
986 
6 
916 
219 
598 
882 
95 
106 
590 
57 
9 
220 
963 
334 
533 
599 
544 
330 
655 
986 
756 
201 
863 
460 
821 
290 
893 
735 
659 
271 
868 
710 
706 
807 
489 
354 
525 
592 
86 
587 
87 
192 
434 
845 
803 
766 
580 
697 
920 
957 
376 
182 
741 
321 
265 
415 
19 
428 
999 
950 
458 
107 
330 
385 
340 
541 
640 
933 
578 
412 
996 
192 
731 
415 
944 
332 
796 
158 
428 
280 
477 
728 
367 
849 
328 
674 
148 
281 
399 
25 
401 
870 
510 
850 
613 
663 
671 
583 
968 
203 
205 
333 
112 
250 
571 
844 
297 
215 
61 
343 
4 
991 
647 
4 
275 
235 
37 
125 
507 
740 
43 
337 
523 
112 
158 
125 
500 
455 
82 
743 
402 
876 
766 
164 
899 
96 
181 
104 
117 
961 
166 
806 
108 
315 
462 
345 
308 
981 
836 
963 
740 
88 
325 
587 
580 
219 
194 
980 
112 
522 
487 
635 
894 
56 
69 
601 
924 
147 
274 
555 
981 
191 
431 
86 
254 
518 
554 
119 
627 
190 
677 
58 
888 
627 
759 
272 
813 
895 
162 
511 
513 
399 
469 
309 
650 
544 
674 
996 
932 
898 
394 
293 
793 
459 
552 
910 
287 
943 
387 
357 
256 
591 
192 
170 
630 
743 
152 
856 
717 
76 
286 
5 
870 
470 
371 
851 
137 
835 
589 
981 
74 
853 
614 
917 
408 
12 
49 
285 
466 
710 
490 
901 
634 
910 
230 
645 
823 
827 
144 
307 
349 
323 
6 
799 
64 
360 
907 
549 
145 
49 
735 
147 
376 
364 
908 
532 
778 
27 
50 
180 
221 
484 
989 
557 
834 
269 
389 
481 
426 
656 
511 
865 
21 
659 
210 
117 
310 
308 
620 
733 
187 
307 
86 
904 
267 
24 
317 
442 
577 
606 
203 
611 
624 
544 
846 
334 
879 
716 
414 
31 
576 
477 
557 
433 
300 
501 
538 
839 
1 
562 
654 
161 
566 
120 
995 
10 
589 
808 
946 
759 
802 
784 
836 
250 
388 
178 
619 
816 
586 
457 
570 
767 
816 
922 
722 
493 
778 
496 
774 
661 
936 
218 
217 
403 
378 
696 
335 
650 
822 
700 
498 
259 
176 
750 
30 
353 
865 
451 
702 
19 
795 
702 
32 
513 
331 
95 
974 
955 
376 
684 
991 
167 
788 
381 
118 
457 
977 
636 
121 
823 
85 
229 
44 
757 
209 
930 
543 
831 
814 
578 
782 
230 
137 
747 
495 
981 
945 
717 
649 
772 
198 
569 
171 
828 
636 
2 
995 
132 
969 
3 
656 
187 
675 
537 
186 
807 
973 
603 
584 
949 
404 
711 
450 
938 
733 
654 
801 
2 
889 
51 
451 
96 
211 
512 
516 
933 
737 
578 
553 
899 
290 
557 
158 
212 
760 
243 
659 
463 
493 
817 
346 
556 
442 
155 
828 
903 
494 
577 
541 
226 
268 
905 
381 
350 
336 
408 
208 
426 
219 
611 
632 
40 
61 
683 
58 
563 
915 
576 
263 
750 
353 
709 
3 
153 
377 
220 
403 
157 
357 
203 
522 
491 
129 
864 
269 
695 
821 
473 
345 
371 
849 
223 
369 
33 
33 
996 
4 
184 
356 
546 
861 
196 
696 
414 
877 
135 
64 
765 
495 
164 
49 
309 
234 
454 
393 
127 
781 
260 
632 
460 
309 
183 
804 
78 
498 
631 
144 
272 
859 
443 
476 
240 
455 
296 
387 
460 
807 
173 
768 
723 
256 
428 
787 
134 
148 
658 
619 
670 
715 
443 
68 
208 
862 
400 
667 
614 
821 
554 
655 
215 
473 
828 
771 
523 
340 
356 
81 
71 
312 
666 
625 
344 
902 
652 
578 
846 
952 
769 
544 
246 
169 
612 
143 
789 
283 
676 
663 
353 
272 
794 
320 
690 
837 
178 
912 
570 
413 
342 
459 
632 
898 
295 
946 
651 
785 
581 
455 
77 
782 
33 
776 
222 
69 
177 
202 
203 
532 
252 
423 
591 
317 
543 
683 
792 
464 
919 
980 
869 
400 
495 
224 
759 
516 
396 
916 
749 
785 
159 
474 
316 
222 
123 
330 
438 
177 
976 
308 
843 
552 
328 
220 
470 
787 
264 
312 
10 
312 
665 
694 
220 
630 
95 
337 
154 
566 
425 
894 
284 
918 
602 
946 
50 
841 
759 
862 
887 
388 
355 
86 
332 
505 
848 
966 
144 
113 
926 
798 
991 
22 
80 
647 
968 
495 
317 
86 
59 
432 
189 
113 
450 
497 
862 
744 
392 
653 
853 
206 
800 
358 
696 
183 
687 
462 
715 
212 
612 
25 
697 
757 
615 
522 
486 
375 
0 
988 
683 
710 
801 
946 
618 
980 
751 
200 
90 
459 
684 
659 
133 
295 
721 
646 
584 
736 
851 
247 
418 
223 
419 
618 
785 
62 
154 
349 
554 
285 
516 
931 
375 
778 
709 
156 
526 
544 
1 
540 
15 
12 
664 
771 
446 
780 
739 
110 
570 
208 
0 
901 
565 
830 
116 
284 
598 
609 
577 
557 
75 
657 
797 
981 
850 
577 
733 
326 
546 
957 
330 
94 
29 
578 
532 
422 
529 
643 
556 
973 
784 
784 
398 
910 
884 
42 
871 
319 
815 
853 
779 
187 
194 
485 
898 
395 
300 
492 
291 
168 
502 
850 
410 
269 
564 
822 
111 
722 
238 
44 
119 
987 
248 
440 
846 
211 
455 
810 
628 
547 
85 
739 
584 
192 
479 
862 
187 
260 
957 
626 
727 
611 
497 
191 
687 
608 
252 
735 
688 
233 
13 
784 
681 
809 
563 
711 
231 
724 
478 
655 
644 
392 
560 
2 
977 
739 
778 
295 
577 
727 
948 
340 
544 
797 
597 
126 
459 
417 
764 
799 
18 
498 
182 
839 
348 
621 
761 
86 
905 
818 
40 
808 
486 
879 
664 
403 
405 
979 
130 
693 
59 
550 
979 
90 
942 
87 
144 
668 
334 
671 
742 
283 
706 
276 
960 
288 
231 
744 
378 
148 
685 
307 
350 
374 
499 
862 
253 
189 
708 
282 
929 
843 
169 
848 
720 
51 
49 
754 
675 
12 
158 
873 
792 
717 
362 
9 
380 
388 
522 
562 
221 
434 
778 
761 
200 
97 
337 
494 
454 
169 
959 
695 
381 
935 
220 
501 
812 
423 
154 
124 
774 
756 
165 
361 
331 
653 
218 
352 
899 
34 
726 
292 
300 
343 
552 
658 
270 
664 
506 
832 
669 
175 
620 
481 
351 
105 
138 
60 
167 
199 
776 
135 
217 
836 
826 
838 
206 
202 
736 
481 
554 
531 
586 
980 
661 
692 
608 
232 
359 
100 
518 
226 
496 
294 
86 
658 
359 
826 
326 
607 
432 
627 
291 
10 
827 
437 
462 
72 
771 
197 
238 
948 
508 
590 
766 
508 
553 
161 
705 
162 
621 
604 
195 
862 
272 
406 
674 
153 
972 
746 
333 
589 
225 
514 
307 
652 
317 
543 
168 
199 
880 
30 
811 
825 
40 
28 
867 
890 
496 
917 
995 
807 
94 
553 
675 
522 
373 
881 
170 
110 
416 
152 
417 
519 
432 
621 
361 
415 
56 
81 
888 
883 
126 
348 
168 
864 
549 
604 
872 
904 
977 
385 
863 
281 
171 
426 
174 
824 
142 
412 
749 
425 
497 
509 
985 
739 
446 
572 
149 
634 
993 
387 
38 
924 
373 
591 
947 
801 
788 
952 
541 
692 
222 
780 
852 
143 
364 
112 
914 
982 
893 
418 
284 
675 
448 
385 
917 
194 
91 
942 
293 
861 
435 
439 
187 
955 
917 
688 
254 
820 
165 
109 
179 
536 
493 
343 
434 
169 
537 
443 
433 
510 
440 
873 
805 
114 
85 
522 
710 
428 
998 
867 
115 
560 
573 
850 
142 
902 
94 
895 
353 
785 
672 
525 
937 
707 
255 
105 
9 
815 
977 
586 
114 
287 
640 
777 
578 
55 
807 
75 
99 
50 
233 
972 
94 
483 
718 
879 
791 
830 
207 
419 
667 
849 
652 
288 
975 
149 
476 
587 
674 
57 
21 
118 
350 
25 
13 
851 
491 
650 
440 
298 
205 
498 
434 
209 
943 
526 
535 
956 
567 
100 
65 
333 
316 
306 
875 
125 
765 
334 
860 
332 
148 
15 
893 
326 
612 
36 
886 
911 
126 
108 
158 
160 
154 
813 
138 
17 
460 
569 
576 
385 
213 
438 
980 
125 
884 
437 
923 
173 
860 
334 
614 
445 
920 
561 
473 
67 
916 
928 
557 
492 
997 
547 
490 
732 
620 
636 
689 
93 
215 
709 
745 
647 
17 
406 
464 
914 
580 
739 
501 
208 
587 
821 
684 
518 
100 
784 
457 
372 
590 
677 
520 
691 
80 
73 
316 
494 
355 
134 
399 
461 
632 
24 
834 
326 
348 
90 
69 
4 
75 
154 
969 
181 
355 
67 
748 
934 
963 
682 
429 
450 
739 
323 
848 
859 
973 
4 
172 
568 
653 
146 
315 
863 
902 
739 
450 
717 
581 
20 
82 
796 
969 
844 
38 
380 
347 
872 
223 
102 
778 
544 
92 
380 
82 
42 
45 
373 
742 
574 
713 
480 
356 
506 
991 
838 
305 
367 
626 
453 
708 
715 
993 
642 
23 
184 
238 
575 
827 
940 
564 
685 
675 
803 
271 
651 
580 
771 
119 
864 
379 
766 
413 
934 
151 
717 
481 
712 
353 
562 
979 
109 
730 
831 
560 
221 
924 
997 
287 
867 
371 
272 
661 
140 
245 
873 
142 
623 
39 
348 
581 
293 
802 
548 
398 
971 
735 
