225 
572 
332 
788 
44 
127 
77 
281 
396 
3 
270 
902 
610 
397 
498 
451 
129 
885 
288 
795 
577 
821 
870 
398 
594 
648 
308 
614 
132 
934 
460 
860 
100 
389 
648 
187 
217 
249 
229 
125 
640 
559 
975 
246 
853 
838 
29 
998 
915 
200 
575 
514 
862 
696 
573 
701 
678 
979 
193 
443 
919 
740 
591 
198 
647 
851 
964 
101 
80 
142 
157 
985 
735 
355 
978 
562 
571 
52 
803 
746 
994 
164 
401 
224 
352 
817 
104 
263 
506 
578 
3 
152 
170 
59 
153 
966 
675 
263 
399 
592 
864 
533 
334 
868 
920 
934 
766 
970 
525 
790 
291 
703 
925 
289 
351 
595 
761 
848 
824 
589 
612 
116 
843 
621 
365 
731 
889 
658 
961 
648 
1 
942 
154 
559 
543 
614 
637 
401 
291 
342 
59 
909 
741 
13 
238 
416 
704 
749 
847 
631 
940 
549 
877 
594 
744 
946 
712 
467 
87 
300 
318 
591 
515 
413 
190 
996 
880 
127 
828 
580 
434 
998 
869 
208 
481 
652 
963 
337 
132 
324 
491 
643 
436 
617 
308 
732 
899 
904 
467 
851 
348 
282 
765 
932 
612 
415 
796 
259 
753 
912 
174 
622 
234 
243 
306 
896 
384 
428 
637 
940 
540 
570 
996 
775 
377 
96 
259 
41 
730 
789 
773 
412 
351 
62 
821 
766 
356 
874 
684 
708 
347 
535 
627 
168 
428 
291 
308 
517 
401 
445 
532 
831 
455 
557 
484 
552 
834 
585 
744 
825 
287 
578 
895 
318 
16 
231 
509 
749 
276 
936 
917 
808 
925 
701 
571 
649 
678 
112 
697 
94 
261 
480 
424 
413 
637 
967 
729 
377 
727 
822 
588 
877 
314 
928 
449 
608 
648 
141 
590 
563 
595 
656 
449 
431 
528 
410 
197 
522 
810 
120 
186 
987 
2 
299 
520 
108 
6 
767 
556 
128 
288 
838 
47 
317 
17 
781 
171 
499 
790 
815 
560 
837 
929 
841 
46 
856 
42 
495 
899 
498 
112 
717 
535 
501 
978 
575 
374 
364 
643 
605 
749 
717 
758 
801 
417 
216 
230 
459 
453 
615 
834 
271 
419 
838 
823 
749 
669 
236 
133 
386 
571 
314 
30 
445 
927 
276 
317 
277 
432 
422 
324 
345 
140 
306 
224 
407 
194 
743 
17 
33 
502 
915 
180 
196 
134 
780 
283 
83 
93 
435 
777 
117 
614 
266 
174 
906 
668 
663 
761 
739 
951 
10 
519 
530 
449 
156 
551 
720 
913 
17 
64 
558 
416 
71 
845 
806 
714 
903 
248 
531 
216 
883 
492 
14 
396 
137 
615 
75 
644 
887 
296 
363 
154 
879 
94 
227 
283 
941 
682 
636 
311 
255 
293 
772 
409 
396 
852 
686 
600 
240 
43 
997 
52 
959 
112 
543 
788 
736 
354 
448 
632 
812 
754 
611 
235 
342 
608 
409 
67 
973 
105 
651 
396 
392 
783 
858 
818 
74 
306 
482 
502 
847 
694 
297 
274 
677 
781 
694 
936 
662 
550 
432 
760 
477 
741 
853 
424 
198 
85 
805 
418 
204 
84 
557 
376 
389 
775 
984 
331 
464 
85 
211 
404 
571 
920 
0 
370 
230 
185 
597 
414 
4 
291 
189 
43 
26 
947 
216 
155 
808 
942 
287 
997 
761 
500 
283 
267 
766 
972 
534 
755 
799 
152 
417 
724 
980 
369 
888 
716 
145 
326 
211 
839 
177 
362 
326 
619 
548 
835 
964 
130 
20 
754 
783 
127 
412 
472 
51 
516 
298 
238 
108 
20 
719 
8 
549 
916 
972 
82 
194 
808 
895 
515 
792 
795 
86 
473 
899 
438 
771 
950 
193 
21 
705 
98 
830 
479 
566 
968 
686 
613 
18 
133 
218 
708 
271 
471 
349 
638 
928 
98 
599 
261 
591 
841 
732 
138 
658 
266 
949 
645 
294 
379 
295 
774 
295 
636 
18 
76 
271 
733 
613 
476 
749 
610 
128 
452 
143 
668 
163 
352 
259 
313 
765 
276 
754 
471 
951 
155 
846 
541 
194 
200 
126 
754 
798 
299 
712 
802 
84 
367 
750 
358 
551 
66 
340 
84 
86 
540 
200 
503 
397 
419 
699 
88 
37 
709 
775 
117 
273 
712 
394 
561 
339 
951 
450 
787 
294 
246 
897 
420 
749 
848 
100 
443 
355 
846 
662 
132 
485 
379 
642 
193 
829 
542 
168 
710 
280 
536 
223 
571 
50 
335 
301 
750 
304 
329 
555 
735 
439 
533 
357 
704 
948 
671 
592 
669 
179 
482 
612 
792 
235 
731 
612 
801 
297 
859 
683 
163 
501 
317 
538 
634 
770 
593 
824 
692 
690 
192 
673 
397 
25 
49 
313 
872 
832 
107 
835 
259 
541 
140 
573 
498 
697 
474 
663 
631 
475 
8 
980 
592 
459 
499 
335 
953 
449 
21 
546 
204 
615 
978 
907 
886 
140 
417 
320 
764 
235 
13 
684 
981 
27 
493 
258 
378 
144 
377 
450 
835 
402 
366 
890 
300 
596 
651 
103 
952 
472 
661 
772 
725 
577 
248 
1 
624 
473 
303 
648 
682 
740 
902 
564 
452 
52 
949 
635 
718 
903 
560 
342 
110 
646 
45 
198 
55 
103 
461 
505 
368 
589 
55 
365 
159 
358 
914 
108 
582 
542 
801 
897 
92 
611 
636 
75 
295 
400 
420 
159 
40 
909 
494 
274 
695 
447 
965 
479 
554 
852 
201 
78 
16 
82 
716 
910 
339 
656 
775 
556 
37 
701 
280 
388 
153 
327 
199 
456 
214 
151 
786 
615 
720 
620 
541 
663 
911 
37 
173 
102 
652 
931 
799 
765 
720 
597 
660 
87 
256 
918 
753 
776 
815 
900 
844 
769 
186 
354 
929 
123 
689 
753 
430 
274 
132 
707 
411 
261 
621 
552 
63 
459 
133 
644 
303 
919 
385 
616 
871 
63 
366 
503 
118 
377 
50 
157 
101 
639 
206 
835 
48 
598 
49 
718 
241 
433 
278 
289 
937 
995 
697 
192 
225 
429 
245 
743 
576 
532 
994 
681 
141 
262 
749 
525 
263 
607 
425 
622 
627 
463 
389 
899 
366 
342 
165 
390 
843 
180 
621 
168 
607 
202 
395 
221 
220 
452 
629 
732 
139 
3 
539 
474 
925 
670 
718 
543 
468 
353 
465 
209 
501 
889 
375 
352 
113 
926 
918 
482 
596 
858 
786 
895 
957 
857 
980 
503 
648 
