116 
674 
390 
524 
174 
388 
212 
167 
525 
175 
507 
248 
765 
343 
73 
187 
614 
191 
347 
159 
755 
265 
723 
247 
5 
129 
426 
215 
895 
61 
878 
365 
371 
176 
309 
549 
526 
431 
882 
2 
71 
491 
751 
826 
405 
608 
660 
977 
874 
22 
927 
472 
642 
342 
765 
88 
393 
423 
296 
233 
252 
433 
986 
680 
934 
297 
792 
825 
438 
999 
122 
769 
47 
541 
274 
911 
345 
41 
19 
100 
942 
844 
212 
720 
831 
972 
693 
319 
159 
86 
633 
444 
416 
392 
165 
69 
877 
871 
392 
815 
640 
28 
780 
579 
613 
413 
612 
161 
807 
393 
389 
652 
418 
587 
378 
175 
232 
306 
866 
286 
535 
384 
909 
160 
411 
826 
320 
242 
24 
920 
837 
64 
995 
726 
495 
936 
74 
242 
172 
8 
384 
615 
339 
193 
582 
297 
472 
115 
358 
537 
973 
188 
738 
163 
468 
235 
861 
287 
914 
842 
415 
53 
262 
891 
431 
501 
163 
345 
484 
357 
2 
730 
965 
164 
924 
676 
466 
143 
414 
438 
786 
593 
886 
993 
894 
161 
828 
839 
222 
598 
365 
666 
770 
462 
140 
696 
404 
264 
705 
165 
117 
902 
327 
153 
572 
232 
993 
52 
246 
413 
301 
48 
922 
370 
340 
294 
117 
232 
152 
915 
550 
857 
414 
980 
562 
763 
422 
191 
810 
200 
369 
220 
923 
909 
243 
109 
527 
514 
417 
362 
386 
746 
869 
927 
80 
804 
255 
378 
501 
48 
6 
256 
429 
358 
831 
207 
173 
155 
397 
865 
537 
694 
586 
31 
840 
530 
21 
276 
981 
444 
93 
412 
263 
440 
261 
373 
795 
30 
416 
229 
592 
707 
62 
660 
115 
902 
872 
931 
972 
728 
297 
285 
377 
631 
885 
509 
786 
501 
38 
416 
221 
956 
173 
100 
235 
837 
262 
690 
42 
690 
327 
456 
844 
656 
938 
545 
624 
793 
352 
969 
80 
920 
457 
796 
187 
942 
282 
30 
827 
213 
614 
297 
65 
187 
600 
858 
112 
706 
295 
28 
327 
926 
747 
666 
771 
462 
887 
567 
109 
70 
112 
760 
991 
524 
389 
588 
117 
450 
584 
131 
778 
411 
940 
229 
928 
81 
574 
436 
148 
167 
193 
85 
985 
851 
765 
859 
492 
814 
576 
228 
16 
742 
711 
208 
491 
988 
247 
863 
456 
322 
855 
43 
439 
727 
616 
374 
362 
14 
856 
356 
353 
227 
427 
868 
488 
80 
956 
963 
415 
216 
770 
810 
931 
858 
38 
146 
275 
343 
356 
669 
325 
391 
952 
390 
290 
377 
651 
203 
679 
634 
926 
762 
413 
944 
646 
162 
836 
735 
921 
603 
628 
132 
184 
673 
964 
664 
237 
333 
790 
511 
383 
828 
138 
529 
219 
28 
27 
697 
925 
429 
327 
92 
824 
260 
234 
332 
602 
598 
165 
902 
51 
562 
667 
305 
400 
719 
365 
680 
243 
921 
398 
530 
469 
710 
217 
344 
327 
206 
794 
910 
725 
610 
818 
741 
612 
620 
935 
456 
990 
816 
907 
942 
763 
89 
820 
904 
178 
166 
444 
396 
713 
295 
210 
