150 
803 
324 
530 
508 
82 
633 
227 
874 
452 
441 
210 
193 
890 
238 
759 
999 
544 
547 
159 
470 
833 
427 
991 
847 
264 
718 
167 
222 
186 
357 
786 
48 
266 
488 
661 
58 
836 
534 
749 
35 
54 
485 
126 
197 
476 
450 
466 
704 
380 
148 
630 
447 
49 
476 
531 
167 
508 
87 
740 
358 
759 
223 
60 
233 
499 
695 
626 
80 
709 
702 
63 
725 
517 
693 
710 
179 
711 
732 
381 
851 
685 
634 
268 
221 
509 
364 
404 
109 
895 
248 
194 
316 
778 
714 
739 
289 
319 
63 
562 
591 
309 
808 
736 
897 
479 
177 
587 
387 
739 
147 
114 
186 
885 
70 
608 
463 
619 
667 
72 
240 
754 
873 
240 
152 
801 
110 
176 
657 
