403 
318 
343 
583 
645 
774 
387 
206 
47 
182 
202 
753 
71 
573 
226 
37 
220 
53 
209 
987 
866 
419 
774 
299 
231 
253 
162 
60 
526 
181 
622 
767 
922 
235 
414 
557 
653 
327 
503 
758 
449 
359 
229 
820 
231 
221 
640 
808 
102 
765 
304 
435 
127 
502 
295 
982 
207 
894 
245 
294 
788 
27 
626 
986 
739 
624 
359 
48 
241 
380 
646 
200 
280 
49 
547 
966 
213 
148 
363 
205 
128 
512 
292 
130 
716 
240 
461 
719 
439 
733 
208 
865 
500 
364 
709 
381 
71 
868 
217 
358 
760 
910 
918 
106 
844 
606 
525 
973 
785 
705 
921 
766 
113 
807 
830 
369 
544 
859 
722 
965 
681 
401 
419 
703 
605 
784 
289 
518 
798 
608 
957 
704 
916 
997 
273 
349 
413 
868 
226 
611 
66 
189 
692 
90 
608 
954 
733 
593 
340 
527 
997 
775 
187 
19 
868 
415 
169 
518 
397 
334 
144 
43 
777 
823 
995 
360 
439 
169 
459 
771 
874 
863 
834 
767 
291 
448 
902 
744 
746 
760 
24 
819 
591 
807 
254 
266 
781 
824 
374 
671 
841 
61 
228 
862 
735 
593 
710 
127 
223 
102 
30 
972 
158 
929 
215 
16 
719 
338 
19 
529 
307 
512 
564 
416 
47 
780 
842 
311 
773 
508 
293 
522 
206 
300 
980 
544 
351 
184 
357 
603 
209 
821 
605 
686 
389 
688 
922 
920 
215 
695 
23 
919 
250 
471 
816 
942 
989 
246 
951 
113 
157 
954 
582 
760 
691 
249 
294 
826 
607 
907 
119 
196 
61 
292 
401 
851 
879 
6 
323 
334 
635 
447 
641 
543 
638 
175 
523 
124 
353 
893 
852 
425 
172 
634 
785 
944 
504 
174 
803 
467 
345 
825 
998 
721 
452 
853 
442 
496 
796 
730 
137 
291 
76 
426 
643 
292 
696 
447 
783 
402 
620 
169 
715 
718 
986 
468 
565 
43 
934 
401 
643 
21 
636 
452 
184 
939 
437 
134 
416 
375 
309 
852 
206 
694 
712 
296 
299 
379 
807 
486 
274 
785 
349 
658 
818 
561 
463 
592 
172 
432 
812 
628 
685 
61 
481 
747 
918 
714 
544 
137 
818 
264 
209 
884 
488 
392 
801 
249 
850 
975 
51 
782 
869 
761 
341 
776 
338 
242 
628 
358 
276 
129 
282 
150 
307 
421 
271 
886 
864 
549 
685 
693 
578 
499 
753 
555 
296 
568 
143 
614 
504 
574 
205 
966 
256 
153 
779 
4 
723 
72 
432 
334 
134 
19 
265 
558 
851 
957 
630 
797 
269 
124 
245 
466 
662 
903 
124 
735 
598 
351 
545 
317 
277 
160 
668 
190 
474 
194 
855 
188 
692 
156 
756 
537 
585 
704 
528 
46 
166 
317 
574 
552 
503 
760 
224 
183 
7 
860 
898 
585 
178 
508 
431 
815 
616 
279 
840 
286 
221 
60 
73 
241 
167 
389 
942 
197 
663 
888 
615 
405 
604 
403 
816 
743 
52 
185 
396 
710 
53 
475 
883 
177 
707 
680 
769 
701 
242 
960 
513 
766 
543 
29 
482 
908 
338 
388 
729 
763 
446 
914 
382 
259 
485 
146 
227 
874 
525 
998 
851 
438 
975 
412 
280 
568 
746 
451 
536 
629 
379 
29 
640 
431 
377 
24 
977 
299 
366 
328 
546 
364 
672 
303 
230 
528 
168 
264 
144 
201 
650 
976 
988 
895 
687 
126 
216 
260 
207 
276 
555 
89 
683 
334 
172 
223 
475 
907 
462 
56 
683 
178 
987 
646 
427 
215 
406 
36 
446 
734 
62 
892 
275 
766 
520 
905 
835 
794 
51 
207 
354 
252 
194 
935 
386 
747 
149 
839 
244 
647 
922 
953 
688 
625 
107 
171 
688 
449 
167 
903 
615 
323 
637 
404 
599 
961 
165 
428 
108 
919 
770 
879 
571 
114 
902 
321 
152 
395 
612 
655 
446 
155 
116 
832 
519 
687 
354 
713 
782 
213 
312 
81 
779 
519 
989 
567 
944 
489 
261 
185 
626 
726 
52 
894 
898 
311 
134 
998 
148 
430 
760 
264 
495 
680 
652 
900 
582 
97 
640 
34 
391 
357 
257 
355 
938 
908 
399 
735 
516 
221 
920 
566 
781 
766 
505 
851 
190 
859 
658 
317 
815 
565 
954 
8 
624 
949 
914 
892 
254 
153 
38 
109 
81 
134 
426 
643 
900 
559 
842 
938 
108 
901 
797 
724 
700 
80 
434 
334 
960 
717 
90 
696 
793 
768 
248 
145 
185 
491 
599 
682 
415 
175 
548 
826 
541 
675 
788 
394 
440 
803 
454 
194 
168 
450 
860 
948 
16 
732 
533 
838 
72 
485 
55 
150 
226 
494 
396 
145 
954 
81 
179 
205 
913 
506 
864 
825 
43 
817 
158 
657 
71 
526 
68 
197 
959 
428 
389 
588 
330 
809 
733 
381 
974 
172 
256 
527 
529 
760 
541 
466 
986 
64 
508 
229 
635 
211 
612 
961 
283 
971 
896 
78 
577 
872 
907 
629 
939 
266 
209 
366 
512 
959 
351 
890 
306 
658 
942 
507 
320 
605 
292 
11 
530 
496 
148 
122 
439 
218 
807 
772 
4 
255 
371 
139 
710 
10 
195 
385 
610 
341 
991 
760 
634 
552 
405 
277 
755 
998 
672 
370 
717 
94 
416 
132 
186 
768 
42 
84 
379 
406 
698 
778 
143 
893 
334 
150 
190 
364 
780 
809 
365 
365 
879 
692 
578 
281 
70 
902 
898 
121 
550 
460 
881 
778 
609 
700 
370 
985 
142 
148 
88 
215 
691 
713 
453 
286 
9 
257 
312 
917 
207 
460 
716 
529 
634 
305 
886 
797 
219 
109 
967 
362 
992 
722 
636 
770 
264 
197 
690 
354 
481 
176 
862 
574 
589 
226 
803 
474 
469 
203 
501 
142 
947 
348 
62 
593 
326 
182 
143 
74 
650 
691 
242 
234 
727 
698 
845 
438 
699 
926 
570 
492 
866 
401 
36 
739 
189 
253 
956 
136 
864 
796 
525 
70 
633 
464 
621 
262 
38 
437 
437 
112 
93 
886 
195 
121 
258 
229 
878 
709 
629 
799 
321 
422 
954 
815 
916 
685 
685 
874 
23 
129 
357 
212 
584 
222 
128 
248 
799 
880 
695 
781 
824 
168 
972 
919 
577 
46 
705 
524 
533 
232 
763 
785 
608 
809 
175 
83 
308 
181 
428 
922 
235 
180 
649 
922 
382 
678 
688 
589 
285 
198 
235 
990 
328 
522 
869 
695 
102 
441 
661 
621 
419 
446 
439 
226 
215 
724 
507 
163 
757 
787 
466 
907 
945 
658 
830 
768 
894 
237 
497 
357 
959 
841 
209 
208 
12 
477 
531 
100 
528 
915 
333 
394 
112 
584 
920 
987 
582 
880 
774 
849 
79 
318 
312 
95 
625 
107 
691 
654 
530 
27 
668 
641 
517 
608 
178 
411 
910 
130 
931 
8 
504 
412 
705 
545 
156 
365 
934 
612 
197 
629 
38 
532 
522 
614 
869 
428 
867 
710 
177 
850 
504 
666 
776 
441 
310 
172 
12 
639 
556 
296 
670 
433 
565 
588 
842 
612 
366 
838 
138 
862 
739 
498 
749 
667 
373 
540 
969 
300 
615 
59 
934 
925 
1 
559 
21 
278 
44 
381 
130 
532 
455 
888 
581 
681 
601 
969 
583 
498 
296 
538 
811 
479 
169 
120 
826 
80 
657 
216 
141 
854 
700 
851 
764 
47 
404 
372 
836 
118 
5 
722 
561 
563 
382 
305 
888 
967 
850 
726 
80 
402 
232 
258 
233 
656 
407 
838 
806 
658 
366 
89 
72 
681 
540 
726 
707 
984 
907 
329 
812 
611 
906 
555 
579 
570 
83 
204 
509 
722 
673 
433 
566 
358 
735 
582 
77 
266 
189 
333 
0 
121 
764 
328 
914 
287 
437 
963 
882 
337 
900 
142 
701 
619 
43 
185 
999 
154 
804 
33 
526 
596 
86 
74 
280 
533 
29 
885 
710 
164 
371 
461 
800 
789 
83 
892 
211 
463 
352 
715 
185 
536 
281 
546 
720 
528 
831 
20 
21 
588 
298 
263 
250 
452 
689 
506 
78 
391 
681 
32 
660 
957 
161 
485 
607 
814 
827 
766 
972 
913 
524 
845 
128 
79 
448 
69 
476 
97 
808 
411 
86 
670 
285 
158 
850 
370 
202 
993 
56 
228 
925 
214 
152 
631 
190 
541 
667 
948 
699 
189 
596 
325 
387 
18 
464 
828 
537 
264 
809 
837 
628 
47 
177 
802 
989 
704 
725 
110 
696 
742 
159 
940 
263 
576 
569 
225 
139 
942 
543 
239 
676 
962 
948 
67 
723 
914 
24 
713 
654 
171 
184 
14 
68 
96 
894 
751 
138 
978 
203 
952 
900 
530 
874 
23 
704 
822 
527 
155 
112 
640 
32 
103 
238 
373 
51 
491 
133 
244 
720 
29 
173 
157 
528 
267 
256 
293 
846 
812 
427 
15 
4 
320 
127 
76 
234 
806 
224 
447 
499 
589 
797 
226 
552 
556 
65 
501 
857 
165 
177 
201 
472 
367 
208 
79 
929 
988 
207 
86 
720 
419 
289 
405 
313 
391 
574 
277 
581 
143 
70 
203 
419 
911 
1 
933 
830 
142 
109 
219 
14 
873 
927 
80 
281 
689 
605 
48 
939 
321 
291 
260 
212 
299 
196 
532 
241 
787 
28 
365 
573 
331 
692 
99 
690 
953 
654 
168 
834 
542 
57 
118 
99 
312 
415 
122 
458 
250 
717 
505 
735 
554 
994 
79 
634 
316 
820 
269 
60 
349 
696 
515 
410 
891 
808 
935 
565 
531 
570 
980 
149 
34 
102 
351 
847 
464 
488 
670 
860 
442 
95 
378 
724 
959 
925 
374 
75 
862 
105 
512 
971 
134 
369 
544 
602 
781 
875 
534 
70 
605 
918 
289 
134 
660 
404 
93 
690 
459 
115 
477 
886 
721 
101 
618 
707 
792 
812 
922 
166 
697 
426 
948 
405 
876 
424 
139 
975 
955 
853 
977 
316 
191 
450 
190 
461 
130 
395 
545 
989 
407 
384 
702 
16 
839 
293 
201 
946 
990 
503 
138 
852 
949 
736 
290 
651 
833 
429 
164 
129 
35 
902 
903 
415 
449 
341 
188 
347 
686 
707 
163 
31 
406 
271 
914 
506 
220 
736 
896 
868 
471 
197 
79 
156 
738 
419 
505 
227 
403 
0 
125 
742 
407 
989 
441 
872 
756 
121 
890 
87 
702 
11 
194 
264 
230 
104 
321 
925 
48 
462 
959 
54 
604 
216 
209 
878 
624 
131 
122 
815 
972 
408 
932 
40 
590 
284 
743 
654 
238 
132 
849 
521 
316 
412 
142 
369 
873 
562 
234 
688 
876 
543 
205 
322 
206 
998 
631 
130 
696 
496 
620 
22 
675 
279 
369 
558 
935 
921 
520 
353 
937 
911 
256 
266 
335 
591 
305 
881 
542 
982 
214 
452 
854 
250 
707 
111 
843 
872 
857 
569 
872 
409 
344 
385 
327 
355 
165 
145 
92 
845 
972 
794 
875 
810 
176 
784 
327 
657 
0 
104 
661 
516 
852 
719 
663 
129 
561 
93 
997 
750 
40 
930 
209 
968 
590 
367 
658 
501 
384 
424 
844 
200 
93 
192 
62 
837 
80 
318 
764 
461 
38 
431 
869 
740 
989 
3 
888 
690 
886 
564 
131 
199 
972 
725 
524 
307 
213 
896 
451 
700 
801 
99 
271 
865 
128 
995 
416 
815 
617 
417 
414 
122 
785 
252 
488 
278 
800 
200 
407 
950 
826 
285 
692 
605 
620 
547 
535 
531 
326 
293 
634 
58 
296 
419 
821 
226 
352 
276 
611 
225 
307 
715 
877 
263 
865 
354 
589 
714 
638 
444 
702 
661 
550 
944 
810 
6 
593 
531 
260 
480 
832 
804 
351 
30 
927 
942 
774 
169 
827 
802 
998 
667 
309 
83 
353 
941 
463 
446 
924 
143 
727 
417 
83 
78 
18 
155 
60 
795 
371 
125 
81 
265 
124 
376 
498 
959 
619 
774 
474 
319 
641 
37 
145 
325 
728 
778 
642 
20 
483 
474 
229 
854 
2 
415 
464 
427 
909 
232 
538 
484 
609 
554 
448 
432 
921 
878 
651 
774 
711 
99 
98 
36 
139 
374 
140 
807 
3 
294 
608 
332 
620 
237 
921 
487 
199 
508 
52 
970 
232 
110 
484 
472 
603 
889 
872 
331 
664 
344 
67 
291 
713 
108 
188 
415 
688 
595 
679 
1 
519 
977 
180 
677 
594 
999 
166 
34 
304 
546 
959 
172 
250 
958 
122 
745 
290 
978 
769 
283 
352 
37 
288 
213 
9 
609 
121 
58 
450 
487 
746 
754 
299 
947 
188 
126 
687 
489 
45 
606 
866 
456 
289 
233 
252 
103 
660 
405 
14 
213 
547 
576 
242 
845 
3 
830 
624 
650 
570 
299 
838 
919 
5 
731 
240 
402 
225 
488 
896 
290 
391 
205 
152 
247 
818 
625 
