16
186
203
213
178
31
2
75
72
181
109
185
41
207
44
152
127
58
228
196
63
102
86
200
95
199
55
92
67
123
59
44
120
45
116
219
164
57
218
72
189
17
43
16
122
223
245
84
7
108
240
188
253
64
146
187
145
11
222
21
12
67
125
159
123
15
15
70
167
100
195
83
71
109
37
238
117
49
56
224
95
112
197
157
63
205
242
129
141
51
22
90
114
113
204
39
129
39
71
31
162
230
229
245
78
147
6
91
2
12
30
197
237
14
9
111
236
87
159
161
185
7
137
50
96
76
83
75
242
62
193
109
124
8
103
181
58
73
116
95
9
186
207
138
27
16
101
58
238
36
193
163
127
81
221
165
187
29
55
147
54
28
40
56
31
18
113
28
116
88
23
3
114
129
114
183
80
60
128
7
44
124
127
16
70
215
186
187
108
44
163
135
181
137
34
137
114
76
45
177
98
136
153
78
37
170
47
212
243
92
3
221
142
169
1
111
117
98
201
125
91
193
189
176
215
77
87
103
93
253
193
252
109
160
159
73
10
124
47
106
110
54
149
197
252
242
112
72
118
186
177
242
112
36
173
149