0.272
0.1978
0.459
0.213
0.1458
0.1055
0.258
0.1099
0.1352
0.1973
0.1645
0.1465
0.1321
0.1999
0.556
0.1176
0.1919
0.1082
0.484
0.196
0.575
0.614
0.1878
0.1736
0.607
0.967
0.1335
0.348
0.1859
0.891
0.1595
0.1068
0.632
0.1837
0.628
0.987
0.1956
0.1849
0.1754
0.1864
0.189
0.529
0.811
0.1552
0.634
0.1759
0.501
0.84
0.1287
0.876
0.1776
0.956
0.1277
0.320
0.1938
0.443
0.145
0.1547
0.478
0.789
0.1292
0.835
0.1405
0.1183
0.123
0.271
0.783
0.326
0.935
0.100
0.1475
0.1363
0.71
0.109
0.805
0.1774
0.1909
0.817
0.1336
0.2016
0.1119
0.1392
0.709
0.1181
0.1855
0.1485
0.498
0.1153
0.1165
0.1843
0.278
0.1882
0.1138
0.625
0.460
0.1063
0.1665
0.807
0.583
0.1311
0.1442
0.998
0.229
0.1269
0.78
0.1427
0.1542
0.347
0.258
0.1548
0.30
0.1733
0.749
0.526
0.1545
0.367
0.1772
0.1623
0.927
0.1953
0.1209
0.1031
0.1161
0.306
0.1120
0.1100
0.339
0.75
0.1010
0.1854
0.705
0.1901
0.1404
0.520
0.1895
0.181
0.314
0.73
0.1908
0.607
0.9
0.1210
0.719
0.1162
0.539
0.1296
0.1381
0.1082
0.1518
0.1316
0.1473
0.1955
0.895
0.1361
0.477
0.1957
0.1979
0.29
0.1591
0.659
0.1078
0.796
0.808
0.1080
0.1823
0.1810
0.1137
0.1820
0.1908
0.856
0.1815
0.771
0.370
0.129
0.370
0.1207
0.1872
0.1596
0.384
0.775
0.556
0.124
0.1407
0.1296
0.1862
0.2007
0.698
0.1467
0.1388
0.300
0.1699
0.135
0.1717
0.137
0.1570
0.905
0.626
0.844
0.1837
0.689
0.866
0.1416
0.153
0.78
0.1573
0.1706
0.1071
0.1748
0.1011
0.348
0.1795
0.2013
0.1422
0.681
0.1025
0.1135
0.629
0.1122
0.1225
0.637
0.91
0.1729
0.1213
0.944
0.1751
0.1357
0.599
0.359
0.861
0.765
0.705
0.508
0.365
0.416
0.927
0.841
0.778
0.124
0.1839
0.1642
0.1390
0.1590
0.1685
0.197
0.1532
0.498
0.1648
0.1608
0.886
0.1978
0.433
0.242
0.1904
0.1060
0.1709
0.405
0.1029
0.815
0.625
0.1498
0.456
0.1647
0.1621
0.1925
0.509
0.1642
0.980
0.250
0.266
0.833
0.666
0.768
0.1320
0.147
0.1247
0.1990
0.1374
0.158
0.1524
0.1828
0.1200
0.679
0.1819
0.34
0.1428
0.156
0.1692
0.958
0.421
0.2041
0.1301
0.1258
0.411
0.488
0.1298
0.469
0.379
0.1708
0.221
0.619
0.1291
0.63
0.664
0.31
0.137
0.58
0.648
0.744
0.412
0.1270
0.1972
0.1929
0.1163
0.497
0.1711
0.790
0.429
0.1907
0.690
0.1972
0.1825
0.1393
0.1261
0.1696
0.702
0.1457
0.1567
0.883
0.77
0.303
0.1637
0.1188
0.2038
0.1216
0.1871
0.1358
0.249
0.245
0.1081
0.1075
0.1183
0.322
0.1241
0.1026
0.1391
0.1631
0.1556
0.213
0.1700
0.2031
0.1302
0.1790
0.2015
0.352
0.161
0.1795
0.282
0.1554
0.1189
0.743
0.733
0.187
0.1042
0.171
0.1716
0.522
0.1258
0.1557
0.992
0.650
0.666
0.432
0.1101
0.970
0.650
0.1300
0.1476
0.1211
0.1779
0.1127
0.866
0.1369
0.1009
0.1828
0.841
0.1421
0.729
0.1563
0.1173
0.850
0.1996
0.698
0.402
0.1048
0.1420
0.906
0.556
0.1381
0.911
0.508
0.678
0.194
0.594
0.1382
0.655
0.1749
0.496
0.1865
0.2034
0.1483
0.1779
0.1237
0.718
0.1785
0.362
0.431
0.1221
0.1986
0.572
0.2033
0.280
0.443
0.699
0.371
0.211
0.1549
0.636
0.1609
0.1861
0.27
0.1895
0.1164
0.691
0.869
0.1034
0.1374
0.1358
0.172
0.50
0.808
0.609
0.1624
0.1981
0.1318
0.975
0.22
0.938
0.1062
0.957
0.453
0.370
0.1164
0.1676
0.403
0.1179
0.410
0.266
0.1379
0.1674
0.1518
0.1769
0.1907
0.153
0.1356
0.1392
0.1595
0.1129
0.926
0.1648
0.920
0.1658
0.1337
0.1914
0.1833
0.1784
0.1122
0.335
0.2041
0.1240
0.17
0.920
0.351
0.1828
0.2037
0.215
0.1827
0.147
0.439
0.1694
0.1250
0.349
0.899
0.1535
0.1204
0.845
0.1989
0.67
0.267
0.1048
0.1584
0.990
0.1503
0.493
0.1541
0.1443
0.1288
0.1613
0.1426
0.565
0.491
0.797
0.761
0.958
0.88
0.1530
0.562
0.2019
0.691
0.1484
0.1107
0.503
0.850
0.1694
0.1039
0.1390
0.1319
0.1965
0.893
0.1173
0.1951
0.1982
0.1819
0.1921
0.457
0.949
0.531
0.1861
0.187
0.868
0.1981
0.361
0.1330
0.161
0.1636
0.1943
0.1144
0.1179
0.1869
0.1942
0.139
0.1902
0.2037
0.1917
0.891
0.1524
0.155
0.544
0.532
0.478
0.1022
0.1999
0.445
0.4
0.1128
0.1856
0.1440
0.250
0.491
0.713
0.1803
0.2020
0.1515
0.1490
0.1302
0.907
0.2013
0.1675
0.1927
0.1456
0.1869
0.2010
0.242
0.1184
0.1830
0.1944
0.1061
0.776
0.1582
0.1276
0.195
0.523
0.208
0.855
0.814
0.402
0.30
0.1282
0.938
0.739
0.534
0.661
0.192
0.374
0.1828
0.602
0.225
0.1539
0.233
0.1026
0.1868
0.2016
0.1595
0.1174
0.50
0.138
0.109
0.1712
0.23
0.1410
0.1488
0.746
0.635
0.1114
0.1401
0.1175
0.954
0.1295
0.69
0.1713
0.561
0.1689
0.795
0.1299
0.674
0.449
0.1649
0.1512
0.985
0.1587
0.1810
0.1892
0.1424
0.1492
0.1054
0.1458
0.1681
0.597
0.1618
0.1325
0.1562
0.265
0.1161
0.1234
0.1157
0.243
0.387
0.1269
0.1832
0.1828
0.1766
0.1588
0.891
0.1348
0.386
0.1194
0.1400
0.1646
0.729
0.869
0.1352
0.1601
0.991
0.1049
0.27
0.1587
0.1278
0.1813
0.88
0.1321
0.1885
0.1911
0.246
0.1349
0.866
0.1948
0.41
0.1023
0.118
0.475
0.1346
0.120
0.520
0.371
0.1488
0.1034
0.1492
0.1985
0.1548
0.292
0.1893
0.439
0.116
0.1109
0.1240
0.393
0.181
0.934
0.228
0.169
0.1486
0.45
0.1559
0.1526
0.1907
0.1503
0.1890
0.1073
0.687
0.1446
0.472
0.1200
0.462
0.1460
0.947
0.598
0.890
0.1046
0.1176
0.194
0.1316
0.1932
0.796
0.967
0.1190
0.664
0.902
0.796
0.1318
0.1237
0.982
0.1621
0.829
0.1674
0.263
0.1298
0.1112
0.639
0.402
0.1911
0.1375
0.527
0.307
0.732
0.1173
0.1919
0.495
0.1733
0.704
0.654
0.1622
0.1556
0.1929
0.845
0.262
0.125
0.1317
0.1841
0.1392
0.59
0.1845
0.1127
0.1503
0.1
0.235
0.1895
0.694
0.1332
0.1647
0.1740
0.1784
0.599
0.1409
0.355
0.1550
0.1479
0.351
0.642
0.1733
0.168
0.1513
0.155
0.1943
0.543
0.1539
0.528
0.43
0.705
0.315
0.1097
0.1055
0.1100
0.1196
0.261
0.772
0.405
0.801
0.1517
0.426
0.706
0.126
0.623
0.158
0.441
0.1116
0.1993
0.1010
0.729
0.2036
0.1892
0.60
0.1511
0.830
0.868
0.225
0.843
0.1370
0.1405
0.916
0.380
0.1070
0.8
0.1305
0.1721
0.1873
0.1366
0.847
0.762
0.551
0.324
0.109
0.1574
0.334
0.271
0.908
0.1670
0.1849
0.1386
0.614
0.890
0.1051
0.718
0.93
0.106
0.1287
0.1042
0.1727
0.1024
0.1621
0.827
0.584
0.1940
0.1351
0.1173
0.488
0.744
0.1261
0.3
0.711
0.22
0.581
0.1171
0.1415
0.966
0.935
0.597
0.201
0.1444
0.1888
0.1646
0.1266
0.1298
0.1438
0.1384
0.1327
0.1561
0.396
0.1996
0.438
0.678
0.1469
0.1267
0.1871
0.1011
0.1998
0.25
0.19
0.67
0.1863
0.947
0.372
0.210
0.963
0.1794
0.894
0.1036
0.1617
0.489
0.1373
0.2045
0.537
0.764
0.798
0.265
0.67
0.985
0.186
0.221
0.788
0.1979
0.1616
0.421
0.1114
0.76
0.434
0.383
0.779
0.1211
0.291
0.560
0.1065
0.1807
0.863
0.279
0.744
0.955
0.220
0.863
0.1043
0.1906
0.592
0.632
0.172
0.1852
0.115
0.1223
0.979
0.1738
0.262
0.1692
0.2024
0.262
0.1300
0.1893
0.1780
0.1775
0.1144
0.1826
0.581
0.164
0.671
0.25
0.1369
0.1214
0.143
0.203
0.2046
0.483
0.40
0.550
0.950
0.1689
0.1194
0.1532
0.96
0.855
0.1144
0.436
0.1045
0.738
0.28
0.320
0.593
0.1239
0.650
0.1615
0.1619
0.1667
0.1705
0.1987
0.1222
0.1531
0.1551
0.1381
0.160
0.873
0.1292
0.983
0.1867
0.1189
0.2027
0.1227
0.3
0.1797
0.1396
0.1907
0.639
0.885
0.694
0.1336
0.211
0.202
0.1027
0.1711
0.149
0.83
0.1851
0.1225
0.1854
0.177
0.846
0.586
0.1492
0.745
0.252
0.380
0.1990
0.1464
0.223
0.548
0.280
0.807
0.684
0.949
0.1983
0.1118
0.438
0.1988
0.1103
0.1981
0.691
0.188
0.1491
0.1321
0.1731
0.211
0.1276
0.1188
0.1966
0.1340
0.639
0.801
0.365
0.414
0.1208
0.406
0.1261
0.1990
0.147
0.594
0.15
0.1945
0.428
0.145
0.1779
0.844
0.1461
0.1614
0.630
0.983
0.1817
0.1112
0.2041
0.422
0.734
0.168
0.1637
0.1426
0.1488
0.1778
0.1131
0.1553
0.1244
0.1914
0.1041
0.1193
0.1210
0.41
0.1898
0.1963
0.1231
0.992
0.676
0.1053
0.337
0.1036
0.1865
0.1016
0.172
0.123
0.1214
0.1172
0.36
0.366
0.528
0.352
0.956
0.2031
0.1263
0.1750
0.1367
0.100
0.507
0.430
0.1822
0.869
0.575
0.1618
0.1313
0.203
0.507
0.1171
0.577
0.265
0.1191
0.922
0.1101
0.192
0.564
0.545
0.875
0.653
0.405
0.1763
0.186
0.806
0.1150
0.1360
0.53
0.933
0.108
0.646
0.475
0.1571
0.229
0.1661
0.1549
0.137
0.1793
0.1409
0.311
0.419
0.553
0.1510
0.690
0.1142
0.1567
0.1527
0.745
0.1492
0.574
0.1583
0.1211
0.45
0.1540
0.940
0.1569
0.424
0.1741
0.1760
0.1041
0.114
0.737
0.650
0.1442
0.342
0.1457
0.1764
0.624
0.1167
0.350
0.1310
0.66
0.1242
0.379
0.1804
0.1002
0.1231
0.788
0.1820
0.365
0.1648
0.1519
0.1162
0.1892
0.259
0.785
0.2007
0.418
0.285
0.1156
0.887
0.1815
0.1792
0.600
0.1226
0.1780
0.1830
0.232
0.333
0.272
0.286
0.1119
0.1042
0.1419
0.151
0.1402
0.1901
0.1969
0.1211
0.911
0.1777
0.33
0.446
0.1998
0.1434
0.558
0.182
0.1479
0.1100
0.133
0.429
0.1324
0.1148
0.1296
0.1012
0.216
0.813
0.27
0.187
0.1809
0.31
0.694
0.991
0.1802
0.1347
0.90
0.1795
0.1964
0.625
0.975
0.738
0.918
0.349
0.844
0.739
0.1635
0.1480
0.2017
0.1775
0.1835
0.1523
0.1042
0.1919
0.1100
0.1881
0.1477
0.2041
0.1130
0.925
0.1886
0.828
0.180
0.450
0.1064
0.1657
0.1129
0.1946
0.1015
0.1606
0.1435
0.1921
0.523
0.493
0.820
0.1611
0.824
0.266
0.1078
0.1402
0.1860
0.1877
0.1095
0.1460
0.401
0.700
0.364
0.1397
0.1275
0.1973
0.1813
0.2
0.1796
0.2002
0.602
0.158
0.1583
0.1685
0.900
0.1535
0.1961
0.135
0.207
0.515
0.46
0.132
0.1646
0.416
0.1067
0.1881
0.2000
0.281
0.800
0.401
0.1570
0.120
0.585
0.1931
0.21
0.1080
0.637
0.976
0.1761
0.1602
0.1366
0.932
0.1162
0.795
0.1426
0.1499
0.1889
0.1883
0.1721
0.1006
0.1743
0.353
0.0
0.334
0.1358
0.837
0.1646
0.1272
0.952
0.270
0.573
0.330
0.452
0.1829
0.899
0.1557
0.1997
0.1290
0.530
0.243
0.1494
0.70
0.1180
0.2011
0.972
0.929
0.795
0.498
0.1802
0.1684
0.111
0.676
0.291
0.257
0.1865
0.756
0.987
0.1826
0.1609
0.1296
0.1654
0.448
0.1891
0.1577
0.54
0.1701
0.1671
0.641
0.1055
0.1363
0.897
0.1990
0.509
0.1014
0.798
0.414
0.168
0.152
0.912
0.1155
0.1415
0.660
0.19
0.721
0.1363
0.77
0.2001
0.29
0.541
0.1311
0.1027
0.1737
0.659
0.918
0.346
0.981
0.1663
0.2014
0.157
0.1272
0.1168
0.1659
0.659
0.1264
0.1373
0.826
0.803
0.534
0.1959
0.1128
0.1978
0.821
0.478
0.1601
0.1261
0.1692
0.1255
0.683
0.1888
0.1906
0.1053
0.293
0.998
0.1354
0.1686
0.762
0.745
0.503
0.1447
0.1978
0.781
0.418
0.1194
0.1514
0.1808
0.282
0.1534
0.1019
0.757
0.1642
0.336
0.1401
0.1121
0.1969
0.1817
0.133
0.581
0.1070
0.1384
0.1925
0.1981
0.923
0.482
0.794
0.1592
0.1980
0.1287
0.83
0.730
0.1079
0.695
0.1824
0.798
0.166
0.1012
0.1289
0.1216
0.235
0.1513
0.31
0.1242
0.1987
0.555
0.1587
0.589
0.1951
0.1088
0.1095
0.1890
0.1455
0.94
0.578
0.1713
0.831
0.1908
0.1768
0.1858
0.326
0.1135
0.8
0.1011
0.572
0.1718
0.759
0.537
0.1581
0.1526
0.318
0.874
0.1292
0.805
0.1424
0.1819
0.841
0.705
0.1279
0.1605
0.1189
0.1113
0.111
0.1933
0.326
0.847
0.586
0.1540
0.262
0.1244
0.1141
0.1868
0.273
0.1876
0.643
0.1277
0.1967
0.1708
0.1065
0.1350
0.606
0.569
0.1010
0.1752
0.548
0.1978
0.1588
0.1023
0.547
0.1945
0.1091
0.274
0.1134
0.1646
0.2020
0.526
0.283
0.1989
0.773
0.894
0.922
0.1569
0.1963
0.670
0.581
0.1089
0.1067
0.191
0.1079
0.929
0.1949
0.1517
0.354
0.1092
0.654
0.1744
0.220
0.433
0.2037
0.464
0.378
0.316
0.616
0.1916
0.160
0.1414
0.400
0.557
0.855
0.839
0.987
0.230
0.1440
0.843
0.112
0.383
0.1033
0.1467
0.1384
0.1539
0.893
0.670
0.1595
0.342
0.864
0.927
0.1656
0.1819
0.1500
0.785
0.1210
0.724
0.629
0.1072
0.471
0.587
0.1764
0.170
0.90
0.1842
0.546
0.1886
0.52
0.1030
0.1475
0.99
0.686
0.57
0.389
0.588
0.674
0.1935
0.1321
0.1194
0.1259
0.201
0.1153
0.979
0.1306
0.1921
0.459
0.482
0.618
0.1365
0.573
0.255
0.247
0.1607
0.225
0.737
0.810
0.1124
0.931
0.400
0.1912
0.1700
0.1705
0.1392
0.1612
0.1810
0.482
0.1147
0.1089
0.1068
0.1250
0.1742
0.1173
0.397
0.1261
0.1127
0.2011
0.969
0.337
0.45
0.751
0.921
0.505
0.1072
0.559
0.1080
0.1088
0.819
0.1256
0.268
0.515
0.872
0.1295
0.1673
0.1786
0.1658
0.1842
0.595
0.72
0.720
0.1709
0.1698
0.592
0.529
0.545
0.1259
0.203
0.227
0.1058
0.957
0.1303
0.1017
0.1072
0.1001
0.1746
0.1612
0.1001
0.229
0.680
0.1192
0.1148
0.114
0.873
0.619
0.97
0.1405
0.351
0.906
0.1352
0.579
0.990
0.2004
0.591
0.1465
0.284
0.891
0.1655
0.43
0.67
0.208
0.857
0.803
0.453
0.1870
0.21
0.140
0.496
0.986
0.140
0.1303
0.450
0.1609
0.1231
0.478
0.510
0.35
0.1238
0.328
0.1151
0.166
0.1142
0.812
0.1997
0.526
0.909
0.1081
0.238
0.1044
0.1664
0.1173
0.1919
0.1973
0.743
0.452
0.3
0.52
0.1158
0.1996
0.122
0.1378
0.1664
0.1430
0.822
0.797
0.1223
0.152
0.1002
0.535
0.471
0.945
0.772
0.1497
0.1188
0.1364
0.828
0.1031
0.720
0.233
0.1389
0.229
0.802
0.1904
0.1700
0.1306
0.1076
0.872
0.1143
0.180
0.875
0.1007
0.921
0.1901
0.44
0.810
0.1195
0.556
0.1869
0.999
0.852
0.463
0.714
0.641
0.915
0.1832
0.442
0.1284
0.340
0.1093
0.1153
0.1682
0.1602
0.757
0.326
0.518
0.477
0.1159
0.1192
0.2006
0.1996
0.1749
0.684
0.830
0.116
0.642
0.1018
0.667
0.1993
0.1663
0.842
0.1813
0.1636
0.1236
0.1817
0.1920
0.215
0.1181
0.928
0.644
0.317
0.1362
0.262
0.1020
0.1813
0.1868
0.469
0.413
0.336
0.1413
0.1451
0.728
0.1704
0.1184
0.1074
0.1
0.52
0.809
0.1105
0.1200
0.569
0.1821
0.932
0.360
0.1860
0.1197
0.554
0.118
0.373
0.575
0.1598
0.540
0.1566
0.1462
0.1225
0.1007
0.1933
0.1779
0.437
0.1918
0.293
0.923
0.1189
0.1076
0.436
0.27
0.1507
0.128
0.0
0.490
0.1945
0.1586
0.1443
0.1806
0.1861
0.1577
0.1049
0.1762
0.871
0.1835
0.24
0.22
0.380
0.1044
0.1823
0.2039
0.48
0.1331
0.850
0.1777
0.464
0.241
0.389
0.1618
0.766
0.1971
0.1431
0.848
0.424
0.1794
0.257
0.846
0.59
0.2026
0.1966
0.1371
0.275
0.1183
0.1806
0.1276
0.1591
0.359
0.870
0.555
0.323
0.1203
0.1898
0.671
0.1957
0.655
0.525
0.78
0.1804
0.1853
0.1688
0.305
0.1566
0.1309
0.761
0.1095
0.1386
0.465
0.94
0.2012
0.1181
0.1693
0.515
0.1291
0.2040
0.20
0.1608
0.1154
0.513
0.241
0.1543
0.133
0.1401
0.1091
0.1572
0.54
0.911
0.717
0.1894
0.19
0.595
0.1964
0.133
0.960
0.1901
0.58
0.1668
0.1287
0.783
0.819
0.1856
0.1053
0.1832
0.790
0.586
0.1318
0.1755
0.1998
0.1010
0.1788
0.559
0.914
0.1700
0.1836
0.520
0.1802
0.1656
0.1858
0.86
0.179
0.772
0.1863
0.140
0.900
0.885
0.391
0.1108
0.210
0.222
0.920
0.128
0.369
0.719
0.151
0.1604
0.540
0.554
0.181
0.1187
0.1814
0.1586
0.498
