0.272
0.954
0.459
0.213
0.434
0.31
0.258
0.75
0.328
0.949
0.621
0.441
0.297
0.975
0.556
0.152
0.895
0.58
0.484
0.196
0.575
0.614
0.854
0.712
0.607
0.967
0.311
0.348
0.835
0.891
0.571
0.44
0.632
0.813
0.628
0.987
0.932
0.825
0.730
0.840
0.189
0.529
0.811
0.528
0.634
0.735
0.501
0.84
0.263
0.876
0.752
0.956
0.253
0.320
0.914
0.443
0.145
0.523
0.478
0.789
0.268
0.835
0.381
0.159
0.123
0.271
0.783
0.326
0.935
0.100
0.451
0.339
0.71
0.109
0.805
0.750
0.885
0.817
0.312
0.992
0.95
0.368
0.709
0.157
0.831
0.461
0.498
0.129
0.141
0.819
0.278
0.858
0.114
0.625
0.460
0.39
0.641
0.807
0.583
0.287
0.418
0.998
0.229
0.245
0.78
0.403
0.518
0.347
0.258
0.524
0.30
0.709
0.749
0.526
0.521
0.367
0.748
0.599
0.927
0.929
0.185
0.7
0.137
0.306
0.96
0.76
0.339
0.75
0.1010
0.830
0.705
0.877
0.380
0.520
0.871
0.181
0.314
0.73
0.884
0.607
0.9
0.186
0.719
0.138
0.539
0.272
0.357
0.58
0.494
0.292
0.449
0.931
0.895
0.337
0.477
0.933
0.955
0.29
0.567
0.659
0.54
0.796
0.808
0.56
0.799
0.786
0.113
0.796
0.884
0.856
0.791
0.771
0.370
0.129
0.370
0.183
0.848
0.572
0.384
0.775
0.556
0.124
0.383
0.272
0.838
0.983
0.698
0.443
0.364
0.300
0.675
0.135
0.693
0.137
0.546
0.905
0.626
0.844
0.813
0.689
0.866
0.392
0.153
0.78
0.549
0.682
0.47
0.724
0.1011
0.348
0.771
0.989
0.398
0.681
0.1
0.111
0.629
0.98
0.201
0.637
0.91
0.705
0.189
0.944
0.727
0.333
0.599
0.359
0.861
0.765
0.705
0.508
0.365
0.416
0.927
0.841
0.778
0.124
0.815
0.618
0.366
0.566
0.661
0.197
0.508
0.498
0.624
0.584
0.886
0.954
0.433
0.242
0.880
0.36
0.685
0.405
0.5
0.815
0.625
0.474
0.456
0.623
0.597
0.901
0.509
0.618
0.980
0.250
0.266
0.833
0.666
0.768
0.296
0.147
0.223
0.966
0.350
0.158
0.500
0.804
0.176
0.679
0.795
0.34
0.404
0.156
0.668
0.958
0.421
0.1017
0.277
0.234
0.411
0.488
0.274
0.469
0.379
0.684
0.221
0.619
0.267
0.63
0.664
0.31
0.137
0.58
0.648
0.744
0.412
0.246
0.948
0.905
0.139
0.497
0.687
0.790
0.429
0.883
0.690
0.948
0.801
0.369
0.237
0.672
0.702
0.433
0.543
0.883
0.77
0.303
0.613
0.164
0.1014
0.192
0.847
0.334
0.249
0.245
0.57
0.51
0.159
0.322
0.217
0.2
0.367
0.607
0.532
0.213
0.676
0.1007
0.278
0.766
0.991
0.352
0.161
0.771
0.282
0.530
0.165
0.743
0.733
0.187
0.18
0.171
0.692
0.522
0.234
0.533
0.992
0.650
0.666
0.432
0.77
0.970
0.650
0.276
0.452
0.187
0.755
0.103
0.866
0.345
0.1009
0.804
0.841
0.397
0.729
0.539
0.149
0.850
0.972
0.698
0.402
0.24
0.396
0.906
0.556
0.357
0.911
0.508
0.678
0.194
0.594
0.358
0.655
0.725
0.496
0.841
0.1010
0.459
0.755
0.213
0.718
0.761
0.362
0.431
0.197
0.962
0.572
0.1009
0.280
0.443
0.699
0.371
0.211
0.525
0.636
0.585
0.837
0.27
0.871
0.140
0.691
0.869
0.10
0.350
0.334
0.172
0.50
0.808
0.609
0.600
0.957
0.294
0.975
0.22
0.938
0.38
0.957
0.453
0.370
0.140
0.652
0.403
0.155
0.410
0.266
0.355
0.650
0.494
0.745
0.883
0.153
0.332
0.368
0.571
0.105
0.926
0.624
0.920
0.634
0.313
0.890
0.809
0.760
0.98
0.335
0.1017
0.216
0.17
0.920
0.351
0.804
0.1013
0.215
0.803
0.147
0.439
0.670
0.226
0.349
0.899
0.511
0.180
0.845
0.965
0.67
0.267
0.24
0.560
0.990
0.479
0.493
0.517
0.419
0.264
0.589
0.402
0.565
0.491
0.797
0.761
0.958
0.88
0.506
0.562
0.995
0.691
0.460
0.83
0.503
0.850
0.670
0.15
0.366
0.295
0.941
0.893
0.149
0.927
0.958
0.795
0.897
0.457
0.949
0.531
0.837
0.187
0.868
0.957
0.361
0.306
0.161
0.612
0.919
0.120
0.155
0.845
0.918
0.139
0.878
0.1013
0.893
0.891
0.500
0.155
0.544
0.532
0.478
0.1022
0.975
0.445
0.4
0.104
0.832
0.416
0.250
0.491
0.713
0.779
0.996
0.491
0.466
0.278
0.907
0.989
0.651
0.903
0.432
0.845
0.986
0.242
0.160
0.806
0.920
0.37
0.776
0.558
0.252
0.195
0.523
0.208
0.855
0.814
0.402
0.30
0.258
0.938
0.739
0.534
0.661
0.192
0.374
0.804
0.602
0.225
0.515
0.233
0.2
0.844
0.992
0.571
0.150
0.50
0.138
0.109
0.688
0.23
0.386
0.464
0.746
0.635
0.90
0.377
0.151
0.954
0.271
0.69
0.689
0.561
0.665
0.795
0.275
0.674
0.449
0.625
0.488
0.985
0.563
0.786
0.868
0.400
0.468
0.30
0.434
0.657
0.597
0.594
0.301
0.538
0.265
0.137
0.210
0.133
0.243
0.387
0.245
0.808
0.804
0.742
0.564
0.891
0.324
0.386
0.170
0.376
0.622
0.729
0.869
0.328
0.577
0.991
0.25
0.27
0.563
0.254
0.789
0.88
0.297
0.861
0.887
0.246
0.325
0.866
0.924
0.41
0.1023
0.118
0.475
0.322
0.120
0.520
0.371
0.464
0.10
0.468
0.961
0.524
0.292
0.869
0.439
0.116
0.85
0.216
0.393
0.181
0.934
0.228
0.169
0.462
0.45
0.535
0.502
0.883
0.479
0.866
0.49
0.687
0.422
0.472
0.176
0.462
0.436
0.947
0.598
0.890
0.22
0.152
0.194
0.292
0.908
0.796
0.967
0.166
0.664
0.902
0.796
0.294
0.213
0.982
0.597
0.829
0.650
0.263
0.274
0.88
0.639
0.402
0.887
0.351
0.527
0.307
0.732
0.149
0.895
0.495
0.709
0.704
0.654
0.598
0.532
0.905
0.845
0.262
0.125
0.293
0.817
0.368
0.59
0.821
0.103
0.479
0.1
0.235
0.871
0.694
0.308
0.623
0.716
0.760
0.599
0.385
0.355
0.526
0.455
0.351
0.642
0.709
0.168
0.489
0.155
0.919
0.543
0.515
0.528
0.43
0.705
0.315
0.73
0.31
0.76
0.172
0.261
0.772
0.405
0.801
0.493
0.426
0.706
0.126
0.623
0.158
0.441
0.92
0.969
0.1010
0.729
0.1012
0.868
0.60
0.487
0.830
0.868
0.225
0.843
0.346
0.381
0.916
0.380
0.46
0.8
0.281
0.697
0.849
0.342
0.847
0.762
0.551
0.324
0.109
0.550
0.334
0.271
0.908
0.646
0.825
0.362
0.614
0.890
0.27
0.718
0.93
0.106
0.263
0.18
0.703
0.0
0.597
0.827
0.584
0.916
0.327
0.149
0.488
0.744
0.237
0.3
0.711
0.22
0.581
0.147
0.391
0.966
0.935
0.597
0.201
0.420
0.864
0.622
0.242
0.274
0.414
0.360
0.303
0.537
0.396
0.972
0.438
0.678
0.445
0.243
0.847
0.1011
0.974
0.25
0.19
0.67
0.839
0.947
0.372
0.210
0.963
0.770
0.894
0.12
0.593
0.489
0.349
0.1021
0.537
0.764
0.798
0.265
0.67
0.985
0.186
0.221
0.788
0.955
0.592
0.421
0.90
0.76
0.434
0.383
0.779
0.187
0.291
0.560
0.41
0.783
0.863
0.279
0.744
0.955
0.220
0.863
0.19
0.882
0.592
0.632
0.172
0.828
0.115
0.199
0.979
0.714
0.262
0.668
0.1000
0.262
0.276
0.869
0.756
0.751
0.120
0.802
0.581
0.164
0.671
0.25
0.345
0.190
0.143
0.203
0.1022
0.483
0.40
0.550
0.950
0.665
0.170
0.508
0.96
0.855
0.120
0.436
0.21
0.738
0.28
0.320
0.593
0.215
0.650
0.591
0.595
0.643
0.681
0.963
0.198
0.507
0.527
0.357
0.160
0.873
0.268
0.983
0.843
0.165
0.1003
0.203
0.3
0.773
0.372
0.883
0.639
0.885
0.694
0.312
0.211
0.202
0.3
0.687
0.149
0.83
0.827
0.201
0.830
0.177
0.846
0.586
0.468
0.745
0.252
