0.16
0.58
0.75
0.85
0.50
0.31
0.2
0.75
0.72
0.53
0.109
0.57
0.41
0.79
0.44
0.24
0.127
0.58
0.100
0.68
0.63
0.102
0.86
0.72
0.95
0.71
0.55
0.92
0.67
0.123
0.59
0.44
0.120
0.45
0.116
0.91
0.36
0.57
0.90
0.72
0.61
0.17
0.43
0.16
0.122
0.95
0.117
0.84
0.7
0.108
0.112
0.60
0.125
0.64
0.18
0.59
0.17
0.11
0.94
0.21
0.12
0.67
0.125
0.31
0.123
0.15
0.15
0.70
0.39
0.100
0.67
0.83
0.71
0.109
0.37
0.110
0.117
0.49
0.56
0.96
0.95
0.112
0.69
0.29
0.63
0.77
0.114
0.1
0.13
0.51
0.22
0.90
0.114
0.113
0.76
0.39
0.1
0.39
0.71
0.31
0.34
0.102
0.101
0.117
0.78
0.19
0.6
0.91
0.2
0.12
0.30
0.69
0.109
0.14
0.9
0.111
0.108
0.87
0.31
0.33
0.57
0.7
0.9
0.50
0.96
0.76
0.83
0.75
