0.272
0.442
0.459
0.213
0.434
0.31
0.258
0.75
0.328
0.437
0.109
0.441
0.297
0.463
0.44
0.152
0.383
0.58
0.484
0.196
0.63
0.102
0.342
0.200
0.95
0.455
0.311
0.348
0.323
0.379
0.59
0.44
0.120
0.301
0.116
0.475
0.420
0.313
0.218
0.328
0.189
0.17
0.299
0.16
0.122
0.223
0.501
0.84
0.263
0.364
0.240
0.444
0.253
0.320
0.402
0.443
0.145
0.11
0.478
0.277
0.268
0.323
0.381
0.159
0.123
0.271
0.271
0.326
0.423
0.100
0.451
0.339
0.71
0.109
0.293
0.238
0.373
0.305
0.312
0.480
0.95
0.368
0.197
0.157
0.319
0.461
0.498
0.129
0.141
0.307
0.278
0.346
0.114
0.113
0.460
0.39
0.129
0.295
0.71
0.287
0.418
0.486
0.229
0.245
0.78
0.403
0.6
0.347
0.258
0.12
0.30
0.197
0.237
0.14
0.9
0.367
0.236
0.87
0.415
0.417
0.185
0.7
0.137
0.306
0.96
0.76
0.339
0.75
0.498
0.318
0.193
0.365
0.380
0.8
0.359
0.181
0.314
0.73
0.372
0.95
0.9
0.186
0.207
0.138
0.27
0.272
0.357
0.58
0.494
0.292
0.449
0.419
0.383
0.337
0.477
0.421
0.443
0.29
0.55
0.147
0.54
0.284
0.296
0.56
0.287
0.274
0.113
0.284
0.372
0.344
0.279
0.259
0.370
0.129
0.370
0.183
0.336
0.60
0.384
0.263
0.44
0.124
0.383
0.272
0.326
0.471
0.186
0.443
0.364
0.300
0.163
0.135
0.181
0.137
0.34
0.393
0.114
0.332
0.301
0.177
0.354
0.392
0.153
0.78
0.37
0.170
0.47
0.212
0.499
0.348
0.259
0.477
0.398
0.169
0.1
0.111
0.117
0.98
0.201
0.125
0.91
0.193
0.189
0.432
0.215
0.333
0.87
0.359
0.349
0.253
0.193
0.508
0.365
0.416
0.415
0.329
0.266
0.124
0.303
0.106
0.366
0.54
0.149
0.197
0.508
0.498
0.112
0.72
0.374
0.442
0.433
0.242
0.368
0.36
0.173
0.405
0.5
0.303
0.113
0.474
0.456
0.111
0.85
0.389
0.509
0.106
0.468
0.250
0.266
0.321
0.154
0.256
0.296
0.147
0.223
0.454
0.350
0.158
0.500
0.292
0.176
0.167
0.283
0.34
0.404
0.156
0.156
0.446
0.421
0.505
0.277
0.234
0.411
0.488
0.274
0.469
0.379
0.172
0.221
0.107
0.267
0.63
0.152
0.31
0.137
0.58
0.136
0.232
0.412
0.246
0.436
0.393
0.139
0.497
0.175
0.278
0.429
0.371
0.178
0.436
0.289
0.369
0.237
0.160
0.190
0.433
0.31
0.371
0.77
0.303
0.101
0.164
0.502
0.192
0.335
0.334
0.249
0.245
0.57
0.51
0.159
0.322
0.217
0.2
0.367
0.95
0.20
0.213
0.164
0.495
0.278
0.254
0.479
0.352
0.161
0.259
0.282
0.18
0.165
0.231
0.221
0.187
0.18
0.171
0.180
0.10
0.234
0.21
0.480
0.138
0.154
0.432
0.77
0.458
0.138
0.276
0.452
0.187
0.243
0.103
0.354
0.345
0.497
0.292
0.329
0.397
0.217
0.27
0.149
0.338
0.460
0.186
0.402
0.24
0.396
0.394
0.44
0.357
0.399
0.508
0.166
0.194
0.82
0.358
0.143
0.213
0.496
0.329
0.498
0.459
0.243
0.213
0.206
0.249
0.362
0.431
0.197
0.450
0.60
0.497
0.280
0.443
0.187
0.371
0.211
0.13
0.124
0.73
0.325
0.27
0.359
0.140
0.179
0.357
0.10
0.350
0.334
0.172
0.50
0.296
0.97
0.88
0.445
0.294
0.463
0.22
0.426
0.38
0.445
0.453
0.370
0.140
0.140
0.403
0.155
0.410
0.266
0.355
0.138
0.494
0.233
0.371
0.153
0.332
0.368
0.59
0.105
0.414
0.112
0.408
0.122
0.313
0.378
0.297
0.248
0.98
0.335
0.505
0.216
0.17
0.408
0.351
0.292
0.501
0.215
0.291
0.147
0.439
0.158
0.226
0.349
0.387
0.511
0.180
0.333
0.453
0.67
0.267
0.24
0.48
0.478
0.479
0.493
0.5
0.419
0.264
0.77
0.402
0.53
0.491
0.285
0.249
