0.272
0.1978
0.2507
0.213
0.1458
0.1055
0.258
0.1099
0.1352
0.1973
0.3693
0.1465
0.3369
0.4047
0.2604
0.3224
0.1919
0.3130
0.2532
0.2244
0.575
0.2662
0.3926
0.1736
0.607
0.3015
0.1335
0.2396
0.1859
0.2939
0.3643
0.3116
0.632
0.1837
0.2676
0.987
0.1956
0.3897
0.1754
0.3912
0.2237
0.529
0.2859
0.3600
0.634
0.1759
0.2549
0.84
0.3335
0.2924
0.1776
0.956
0.1277
0.2368
0.1938
0.443
0.145
0.1547
0.478
0.789
0.1292
0.835
0.3453
0.3231
0.123
0.271
0.2831
0.2374
0.2983
0.2148
0.1475
0.1363
0.2119
0.109
0.805
0.3822
0.3957
0.817
0.1336
0.4064
0.1119
0.1392
0.709
0.1181
0.3903
0.1485
0.2546
0.1153
0.1165
0.1843
0.278
0.3930
0.3186
0.2673
0.2508
0.1063
0.3713
0.2855
0.2631
0.1311
0.1442
0.998
0.229
0.3317
0.78
0.3475
0.1542
0.2395
0.258
0.3596
0.30
0.3781
0.749
0.2574
0.3593
0.2415
0.1772
0.3671
0.2975
0.4001
0.3257
0.1031
0.1161
0.2354
0.3168
0.1100
0.2387
0.75
0.1010
0.3902
0.2753
0.3949
0.3452
0.2568
0.3943
0.181
0.314
0.2121
0.1908
0.607
0.2057
0.1210
0.719
0.1162
0.539
0.3344
0.3429
0.1082
0.1518
0.1316
0.1473
0.1955
0.2943
0.1361
0.477
0.4005
0.1979
0.2077
0.1591
0.659
0.3126
0.2844
0.808
0.1080
0.3871
0.1810
0.3185
0.3868
0.3956
0.856
0.3863
0.771
0.2418
0.2177
0.2418
0.3255
0.3920
0.1596
0.2432
0.2823
0.2604
0.124
0.1407
0.1296
0.1862
0.2007
0.698
0.1467
0.1388
0.300
0.3747
0.135
0.1717
0.137
0.3618
0.905
0.2674
0.2892
0.1837
0.2737
0.866
0.1416
0.2201
0.2126
0.3621
0.3754
0.1071
0.1748
0.3059
0.348
0.3843
0.2013
0.1422
0.2729
0.3073
0.1135
0.2677
0.3170
0.1225
0.637
0.91
0.3777
0.1213
0.944
0.1751
0.1357
0.2647
0.359
0.861
0.2813
0.705
0.2556
0.2413
0.2464
0.927
0.841
0.778
0.124
0.1839
0.1642
0.3438
0.3638
0.3733
0.2245
0.3580
0.498
0.3696
0.1608
0.886
0.1978
0.2481
0.242
0.1904
0.1060
0.3757
0.2453
0.1029
0.815
0.2673
0.1498
0.456
0.3695
0.1621
0.1925
0.509
0.3690
0.980
0.2298
0.2314
0.2881
0.2714
0.768
0.3368
0.147
0.3295
0.4038
0.3422
0.2206
0.1524
0.3876
0.1200
0.679
0.1819
0.34
0.3476
0.2204
0.1692
0.958
0.2469
0.2041
0.1301
0.3306
0.411
0.488
0.3346
0.469
0.379
0.1708
0.221
0.619
0.1291
0.63
0.2712
0.2079
0.2185
0.58
0.648
0.744
0.412
0.1270
0.4020
0.1929
0.1163
0.2545
0.1711
0.790
0.2477
0.1907
0.2738
0.1972
0.1825
0.1393
0.1261
0.1696
0.702
0.1457
0.1567
0.2931
0.77
0.2351
0.1637
0.3236
0.4086
0.1216
0.1871
0.1358
0.249
0.2293
0.3129
0.3123
0.3231
0.322
0.3289
0.3074
0.3439
0.3679
0.1556
0.213
0.1700
0.4079
0.3350
0.3838
0.4063
0.352
0.2209
0.1795
0.2330
0.3602
0.1189
0.2791
0.2781
0.187
0.1042
0.2219
0.1716
0.522
0.1258
0.3605
0.3040
0.2698
0.2714
0.2480
0.1101
0.3018
0.650
0.3348
0.3524
0.1211
0.1779
0.1127
0.866
0.1369
0.1009
0.1828
0.2889
0.1421
0.729
0.1563
0.3221
0.850
0.4044
0.2746
0.402
0.3096
0.3468
0.2954
0.2604
0.1381
0.2959
0.2556
0.678
0.2242
0.594
0.3430
0.655
0.1749
0.2544
0.3913
0.2034
0.1483
0.3827
0.3285
0.718
0.3833
0.2410
0.431
0.1221
0.4034
0.2620
0.4081
0.2328
0.443
0.699
0.2419
0.2259
0.3597
0.2684
0.3657
0.3909
0.27
0.1895
0.1164
0.691
0.2917
0.3082
0.3422
0.1358
0.2220
0.50
0.2856
0.609
0.3672
0.1981
0.3366
0.3023
0.2070
0.2986
0.1062
0.3005
0.453
0.2418
0.1164
0.3724
0.2451
0.3227
0.2458
0.2314
0.3427
0.1674
0.3566
0.3817
0.1907
0.2201
0.3404
0.3440
0.3643
0.1129
0.926
0.3696
0.2968
0.1658
0.3385
0.1914
0.3881
0.3832
0.3170
0.2383
0.4089
0.3288
0.2065
0.920
0.351
0.3876
0.2037
0.215
0.3875
0.147
0.439
0.3742
0.1250
0.349
0.2947
0.1535
0.1204
0.845
0.1989
0.2115
0.267
0.3096
0.3632
0.990
0.3551
0.493
0.1541
0.1443
0.3336
0.1613
0.1426
0.2613
0.2539
0.797
0.2809
0.958
0.2136
0.3578
0.562
0.2019
0.2739
0.1484
0.3155
0.2551
0.850
0.3742
0.3087
0.1390
0.1319
0.4013
0.2941
0.3221
0.1951
0.1982
0.3867
0.3969
0.457
0.2997
0.2579
0.3909
0.187
0.868
0.1981
0.361
0.3378
0.2209
0.3684
0.1943
0.1144
0.3227
0.3917
0.3990
0.2187
0.1902
0.2037
0.3965
0.2939
0.1524
0.2203
0.544
0.2580
0.2526
0.1022
0.1999
0.2493
0.4
0.3176
0.3904
0.3488
0.250
0.491
0.2761
0.1803
0.4068
0.1515
0.1490
0.1302
0.2955
0.2013
0.3723
0.1927
0.1456
0.3917
0.2010
0.2290
0.1184
0.1830
0.1944
0.1061
0.776
0.3630
0.1276
0.2243
0.523
0.208
0.2903
0.814
0.402
0.30
0.1282
0.2986
0.739
0.2582
0.661
0.192
0.2422
0.1828
0.602
0.225
0.3587
0.233
0.3074
0.1868
0.2016
0.1595
0.1174
0.50
0.138
0.109
0.3760
0.2071
0.1410
0.3536
0.2794
0.2683
0.3162
0.1401
0.3223
0.954
0.3343
0.2117
0.1713
0.2609
0.1689
0.795
0.1299
0.674
0.449
0.1649
0.1512
0.985
0.1587
0.1810
0.1892
0.3472
0.1492
0.3102
0.3506
0.1681
0.597
0.3666
0.1325
0.1562
0.265
0.3209
0.1234
0.3205
0.243
0.2435
0.1269
0.3880
0.1828
0.1766
0.3636
0.2939
0.1348
0.386
0.1194
0.1400
0.3694
0.729
0.869
0.1352
0.3649
0.3039
0.3097
0.2075
0.1587
0.3326
0.3861
0.2136
0.1321
0.3933
0.3959
0.246
0.3397
0.866
0.1948
0.41
0.3071
0.2166
0.475
0.3394
0.2168
0.520
0.2419
0.1488
0.3082
0.3540
0.1985
0.1548
0.2340
0.3941
0.439
0.116
0.1109
0.1240
0.2441
0.2229
0.934
0.2276
0.2217
0.1486
0.2093
0.1559
0.1526
0.3955
0.1503
0.3938
0.3121
0.2735
0.3494
0.472
0.1200
0.2510
0.3508
0.947
0.2646
0.890
0.3094
0.1176
0.2242
0.1316
0.3980
0.796
0.3015
0.1190
0.2712
0.2950
0.796
0.1318
0.3285
0.982
0.3669
0.829
0.3722
0.2311
0.1298
0.3160
0.2687
0.402
0.3959
0.1375
0.2575
0.2355
0.732
0.1173
0.1919
0.2543
0.1733
0.704
0.2702
0.1622
0.1556
0.1929
0.845
0.2310
0.125
0.1317
0.1841
0.3440
0.59
0.1845
0.1127
0.1503
0.2049
0.2283
0.3943
0.694
0.3380
0.1647
0.3788
0.3832
0.599
0.3457
0.2403
0.1550
0.1479
0.351
0.2690
0.1733
0.2216
0.1513
0.155
0.1943
0.543
0.1539
0.2576
0.43
0.705
0.2363
0.1097
0.3103
0.3148
0.3244
0.261
0.2820
0.405
0.801
0.1517
0.426
0.706
0.126
0.2671
0.158
0.2489
0.1116
0.1993
0.1010
0.2777
0.2036
0.3940
0.60
0.3559
0.830
0.2916
0.225
0.843
0.3418
0.3453
0.2964
0.2428
0.3118
0.8
0.3353
0.1721
0.1873
0.3414
0.847
0.2810
0.551
0.324
0.2157
0.3622
0.334
0.2319
0.908
0.3718
0.3897
0.1386
0.614
0.890
0.1051
0.718
0.93
0.2154
0.1287
0.3090
0.3775
0.1024
0.3669
0.2875
0.584
0.3988
0.3399
0.3221
0.2536
0.744
0.3309
0.2051
0.711
0.2070
0.2629
0.1171
0.3463
0.3014
0.935
0.2645
0.2249
0.3492
0.1888
0.1646
0.1266
0.1298
0.1438
0.1384
0.1327
0.3609
0.2444
0.1996
0.438
0.678
0.3517
0.1267
0.3919
0.1011
0.4046
0.25
0.19
0.2115
0.1863
0.947
0.372
0.210
0.963
0.1794
0.2942
0.3084
0.1617
0.489
0.1373
0.2045
0.2585
0.764
0.798
0.2313
0.67
0.3033
0.186
0.2269
0.788
0.1979
0.3664
0.421
0.1114
0.76
0.434
0.2431
0.2827
0.1211
0.291
0.560
0.1065
0.1807
0.2911
0.279
0.2792
0.955
0.220
0.863
0.3091
0.1906
0.592
0.632
0.2220
0.1852
0.2163
0.3271
0.3027
0.3786
0.2310
0.1692
0.2024
0.2310
0.3348
0.1893
0.3828
0.1775
0.3192
0.1826
0.2629
0.2212
0.671
0.25
0.1369
0.3262
0.143
0.2251
0.4094
0.2531
0.40
0.2598
0.2998
0.1689
0.3242
0.1532
0.2144
0.855
0.1144
0.436
0.1045
0.2786
0.2076
0.2368
0.593
0.3287
0.2698
0.3663
0.3667
0.1667
0.1705
0.1987
0.3270
0.3579
0.3599
0.1381
0.160
0.873
0.1292
0.3031
0.1867
0.3237
0.4075
0.3275
0.3
0.3845
0.1396
0.3955
0.639
0.2933
0.2742
0.3384
0.2259
0.202
0.3075
0.1711
0.149
0.2131
0.1851
0.1225
0.1854
0.177
0.2894
0.2634
0.1492
0.2793
0.252
0.2428
0.4038
0.3512
0.223
0.548
0.2328
0.807
0.2732
0.2997
0.1983
0.1118
0.438
0.4036
0.1103
0.1981
0.691
0.2236
0.3539
0.1321
0.1731
0.2259
0.1276
0.1188
0.1966
0.3388
0.639
0.2849
0.2413
0.414
0.3256
0.2454
0.3309
0.1990
0.147
0.594
0.15
0.1945
0.428
0.2193
0.3827
0.2892
0.1461
0.3662
0.2678
0.3031
0.3865
0.1112
0.2041
0.422
0.2782
0.168
0.3685
0.3474
0.1488
0.3826
0.1131
0.3601
0.3292
0.3962
0.1041
0.1193
0.3258
0.2089
0.1898
0.4011
0.1231
0.3040
0.676
0.3101
0.337
0.3084
0.3913
0.1016
0.172
0.2171
0.3262
0.3220
0.2084
0.366
0.2576
0.2400
0.3004
0.4079
0.3311
0.1750
0.3415
0.2148
0.2555
0.430
0.1822
0.2917
0.575
0.3666
0.1313
0.2251
0.2555
0.1171
0.577
0.2313
0.3239
0.922
0.3149
0.192
0.564
0.545
0.875
0.653
0.2453
0.3811
0.2234
0.806
0.3198
0.1360
0.53
0.933
0.108
0.2694
0.2523
0.1571
0.2277
0.1661
0.1549
0.137
0.3841
0.3457
0.2359
0.419
0.553
0.3558
0.690
0.3190
0.1567
0.1527
0.2793
0.3540
0.574
0.1583
0.3259
0.45
0.1540
0.940
0.3617
0.424
0.1741
0.3808
0.3089
0.114
0.2785
0.650
0.3490
0.342
0.1457
0.3812
0.624
0.1167
0.2398
0.1310
0.66
0.3290
0.379
0.1804
0.1002
0.3279
0.2836
0.3868
0.2413
0.3696
0.3567
0.1162
0.3940
0.2307
0.2833
0.4055
0.2466
0.2333
0.1156
0.887
0.1815
0.3840
0.600
0.3274
0.3828
0.1830
0.2280
0.333
0.2320
0.286
0.1119
0.3090
0.1419
0.2199
0.3450
0.3949
0.1969
0.1211
0.2959
0.3825
0.2081
0.446
0.1998
0.1434
0.558
0.2230
0.1479
0.3148
0.133
0.2477
0.1324
0.1148
0.3344
0.3060
0.216
0.2861
0.2075
0.2235
0.3857
0.2079
0.2742
0.991
0.1802
0.3395
0.2138
0.1795
0.4012
0.2673
0.975
0.738
0.2966
0.2397
0.2892
0.2787
0.1635
0.1480
0.4065
0.3823
0.1835
0.1523
0.3090
0.1919
0.3148
0.1881
0.3525
0.2041
0.1130
0.925
0.1886
0.2876
0.2228
0.450
0.3112
0.3705
0.3177
0.1946
0.3063
0.3654
0.1435
0.3969
0.523
0.2541
0.820
0.1611
0.2872
0.266
0.1078
0.1402
0.1860
0.3925
0.1095
0.3508
0.2449
0.2748
0.364
0.1397
0.3323
0.1973
0.3861
0.2
0.3844
0.2002
0.2650
0.158
0.1583
0.1685
0.900
0.3583
0.1961
0.2183
0.207
0.2563
0.46
0.132
0.3694
0.416
0.1067
0.3929
0.4048
0.2329
0.2848
0.401
0.1570
0.2168
0.2633
0.3979
0.21
0.3128
0.637
0.976
0.1761
0.3650
0.1366
0.2980
0.3210
0.2843
0.1426
0.1499
0.3937
0.1883
0.1721
0.1006
0.1743
0.2401
0.0
0.334
0.3406
0.2885
0.1646
0.1272
0.3000
0.2318
0.573
0.330
0.2500
0.3877
0.899
0.1557
0.1997
0.3338
0.2578
0.2291
0.1494
0.70
0.1180
0.2011
0.3020
0.2977
0.2843
0.2546
0.1802
0.3732
0.2159
0.676
0.291
0.257
0.1865
0.2804
0.987
0.1826
0.1609
0.1296
0.3702
0.448
0.1891
0.3625
0.54
0.3749
0.3719
0.641
0.3103
0.3411
0.897
0.1990
0.2557
0.3062
0.2846
0.414
0.2216
0.152
0.2960
0.1155
0.1415
0.660
0.19
0.2769
0.3411
0.2125
0.4049
0.29
0.2589
0.3359
0.3075
0.1737
0.659
0.918
0.2394
0.3029
0.3711
0.2014
0.2205
0.3320
0.1168
0.1659
0.659
0.1264
0.1373
0.2874
0.2851
0.534
0.1959
0.3176
0.4026
0.2869
0.2526
0.1601
0.1261
0.1692
0.3303
0.2731
0.1888
0.1906
0.3101
0.2341
0.998
0.1354
0.1686
0.762
0.2793
0.503
0.3495
0.4026
0.781
0.418
0.3242
0.1514
0.3856
0.2330
0.3582
0.3067
0.2805
0.1642
0.336
0.1401
0.1121
0.1969
0.1817
0.133
0.581
0.1070
0.1384
0.1925
0.4029
0.2971
0.2530
0.2842
0.3640
0.4028
0.3335
0.2131
0.730
0.3127
0.2743
0.3872
0.798
0.166
0.1012
0.3337
0.1216
0.235
0.3561
0.31
0.1242
0.4035
0.555
0.1587
0.2637
0.1951
0.1088
0.3143
0.1890
0.1455
0.94
0.578
0.3761
0.2879
0.1908
0.1768
0.3906
0.2374
0.3183
0.8
0.3059
0.2620
0.1718
0.759
0.537
0.3629
0.3574
0.318
0.874
0.3340
0.805
0.3472
0.1819
0.841
0.2753
0.3327
0.1605
0.3237
0.3161
0.2159
0.1933
0.326
0.2895
0.586
0.3588
0.2310
0.3292
0.1141
0.3916
0.2321
0.3924
0.2691
0.1277
0.4015
0.1708
0.3113
0.3398
0.606
0.569
0.3058
0.3800
0.548
0.4026
0.3636
0.1023
0.2595
0.3993
0.3139
0.274
0.3182
0.3694
0.2020
0.2574
0.283
0.1989
0.773
0.2942
0.2970
0.1569
0.4011
0.2718
0.2629
0.1089
0.3115
0.191
0.1079
0.929
0.3997
0.1517
0.2402
0.3140
0.2702
0.3792
0.2268
0.2481
0.4085
0.464
0.378
0.2364
0.2664
0.1916
0.160
0.3462
0.400
0.2605
0.855
0.2887
0.987
0.2278
0.3488
0.843
0.2160
0.383
0.3081
0.3515
0.3432
0.1539
0.893
0.2718
0.1595
0.342
0.864
0.2975
0.3704
0.3867
0.3548
0.2833
0.1210
0.2772
0.2677
0.1072
0.471
0.2635
0.1764
0.170
0.90
0.1842
0.2594
0.3934
0.2100
0.3078
0.3523
0.2147
0.686
0.2105
0.389
0.588
0.2722
0.3983
0.3369
0.3242
0.3307
0.2249
0.1153
0.979
0.3354
0.3969
0.459
0.482
0.618
0.3413
0.2621
0.255
0.247
0.3655
0.225
0.737
0.810
0.1124
0.2979
0.400
0.1912
0.3748
0.3753
0.3440
0.1612
0.1810
0.482
0.3195
0.1089
0.3116
0.1250
0.3790
0.1173
0.2445
0.1261
0.3175
0.4059
0.969
0.2385
0.45
0.751
0.2969
0.2553
0.1072
0.2607
0.3128
0.1088
0.819
0.3304
0.2316
0.515
0.872
0.3343
0.3721
0.1786
0.3706
0.3890
0.2643
0.2120
0.2768
0.3757
0.3746
0.592
0.2577
0.545
0.1259
0.203
0.227
0.1058
0.957
0.3351
0.3065
0.1072
0.3049
0.1746
0.1612
0.1001
0.229
0.2728
0.1192
0.1148
0.114
0.2921
0.2667
0.2145
0.3453
0.351
0.2954
0.3400
0.579
0.990
0.4052
0.591
0.3513
0.284
0.2939
0.3703
0.43
0.2115
0.208
0.2905
0.2851
0.2501
0.3918
0.2069
0.2188
0.496
0.986
0.2188
0.3351
0.450
0.3657
0.1231
0.2526
0.2558
0.35
0.3286
0.328
0.3199
0.2214
0.1142
0.812
0.1997
0.526
0.2957
0.1081
0.238
0.1044
0.1664
0.1173
0.3967
0.4021
0.2791
0.2500
0.3
0.2100
0.1158
0.4044
0.122
0.3426
0.1664
0.1430
0.2870
0.2845
0.3271
0.2200
0.1002
0.535
0.471
0.945
0.2820
0.3545
0.3236
0.1364
0.2876
0.3079
0.2768
0.233
0.1389
0.2277
0.2850
0.3952
0.3748
0.1306
0.3124
0.872
0.1143
0.2228
0.875
0.1007
0.2969
0.1901
0.44
0.810
0.3243
0.2604
0.3917
0.999
0.852
0.463
0.714
0.641
0.915
0.1832
0.442
0.1284
0.2388
0.3141
0.1153
0.1682
0.1602
0.757
0.326
0.518
0.477
0.3207
0.3240
0.4054
0.4044
0.1749
0.684
0.2878
0.116
0.2690
0.3066
0.667
0.4041
0.3711
0.842
0.1813
0.1636
0.1236
0.3865
0.3968
0.215
0.1181
0.928
0.644
0.317
0.1362
0.262
0.3068
0.3861
0.3916
0.469
0.413
0.2384
0.1413
0.3499
0.2776
0.3752
0.3232
0.1074
0.1
0.52
0.809
0.1105
0.1200
0.569
0.3869
0.932
0.360
0.3908
0.1197
0.2602
0.118
0.373
0.2623
0.1598
0.540
0.1566
0.3510
0.3273
0.3055
0.3981
0.3827
0.2485
0.1918
0.2341
0.923
0.1189
0.1076
0.436
0.2075
0.3555
0.128
0.0
0.490
0.1945
0.3634
0.1443
0.1806
0.3909
0.1577
0.1049
0.3810
0.2919
0.3883
0.2072
0.22
0.380
0.3092
0.3871
0.4087
0.2096
0.1331
0.2898
0.1777
0.2512
0.241
0.2437
0.3666
0.2814
0.4019
0.3479
0.2896
0.2472
0.3842
0.2305
0.2894
0.2107
0.2026
0.4014
0.1371
0.2323
0.3231
0.3854
0.1276
0.3639
0.2407
0.2918
0.555
0.323
0.3251
0.1898
0.2719
0.1957
0.2703
0.2573
0.78
0.1804
0.3901
0.1688
0.305
0.3614
0.1309
0.2809
0.3143
0.1386
0.465
0.2142
0.2012
0.3229
0.3741
0.2563
0.3339
0.2040
0.20
0.3656
0.3202
0.513
0.241
0.1543
0.133
0.1401
0.1091
0.3620
0.54
0.911
0.717
0.1894
0.2067
0.2643
0.1964
0.133
0.3008
0.3949
0.58
0.1668
0.1287
0.783
0.819
0.3904
0.1053
0.3880
0.790
0.586
0.1318
0.1755
0.4046
0.1010
0.3836
0.2607
0.2962
0.1700
0.3884
0.520
0.1802
0.1656
0.1858
0.2134
0.2227
0.772
0.3911
0.140
0.900
0.2933
0.391
0.1108
0.210
0.222
0.920
0.2176
0.369
0.719
0.151
0.3652
0.2588
0.2602
0.2229
0.1187
0.3862
0.1586
0.2546
0.3624
0.786
0.4069
0.1577
0.3798
0.3409
0.1932
0.2637
0.1633
0.2826
0.144
0.2802
0.2719
0.14
0.3983
0.2575
0.1593
0.2732
0.3759
0.2562
0.4006
0.3794
0.3122
0.468
0.3162
0.3190
0.1867
0.1727
0.1082
0.1332
0.3888
0.3821
0.2388
0.1337
0.2161
0.387
0.1997
0.863
0.3208
0.2014
0.538
0.3225
0.1969
0.1052
0.3443
0.3730
0.2300
0.223
0.645
0.1425
0.2208
0.3661
0.1640
0.416
0.2194
0.92
0.4048
0.1773
0.854
0.588
0.3207
0.3440
0.3350
0.885
0.2843
0.974
0.2801
0.322
0.3284
0.2430
0.1173
0.638
0.1000
0.1066
0.1040
0.1998
0.498
0.1112
0.2019
0.1407
0.2721
0.3401
0.2904
0.2690
0.3757
0.1057
0.2326
0.2229
0.784
0.2633
0.3059
0.613
0.2162
0.1810
0.521
0.272
0.1765
0.1179
0.1548
0.2415
0.466
0.1012
0.731
0.179
0.2099
0.3203
0.1364
0.1808
0.1283
0.2727
0.109
0.2936
0.1011
0.412
0.1920
0.3241
0.3679
0.1183
0.743
0.2921
0.1152
0.2898
0.713
0.528
0.1763
0.1377
0.1075
0.1352
0.1050
0.358
0.3179
0.529
0.3761
0.2826
0.3713
0.3336
0.3940
0.1133
0.3878
0.1768
0.1934
0.3785
0.2753
0.2641
0.2021
0.1618
0.448
0.1736
0.3941
0.1376
0.3884
0.3328
0.1674
0.719
0.3457
0.87
0.2754
0.4006
0.3516
0.420
0.3618
0.2040
0.1205
0.1840
0.3928
0.2824
0.687
0.1538
0.3553
0.3760
0.2350
0.96
0.3708
0.516
0.777
0.3474
0.990
0.818
0.703
0.3817
0.4007
0.3245
0.2830
0.1536
0.3989
0.3466
0.1474
0.66
0.2807
0.298
0.3276
0.2988
0.1125
0.2585
0.2451
0.2260
0.943
0.1078
0.3727
0.3627
0.3091
0.532
0.3859
0.127
0.691
0.2465
0.2410
0.1220
0.2374
0.1029
0.1830
0.3859
0.269
0.1229
0.1973
0.755
0.2568
0.3145
0.2357
0.2264
0.619
0.2354
0.905
0.3305
0.2636
0.3472
0.2477
0.2822
0.3998
0.2779
0.1350
0.3082
0.1634
0.2401
0.126
0.2125
0.284
0.3815
0.526
0.878
0.3460
0.2195
0.3996
0.1359
0.2431
0.3082
0.2632
0.1120
0.1101
0.981
0.2434
0.1313
0.4
0.2825
0.2078
0.738
0.1853
0.3111
0.1962
0.1485
0.2829
0.1857
0.3583
0.2599
0.3383
0.862
0.278
0.3283
0.2719
0.3872
0.1309
0.280
0.2562
0.1188
0.202
0.932
0.741
0.1194
0.3056
0.3792
0.203
0.3318
0.3152
0.1061
0.1707
0.3574
0.1201
0.3871
0.1697
0.932
0.2611
0.1330
0.484
0.1454
0.992
0.1803
0.1272
0.724
0.2180
0.1816
0.1061
0.2962
0.3774
0.2378
0.3111
0.0
0.856
0.26
0.2855
0.1270
0.2516
0.2762
0.1514
0.1139
0.2887
0.2285
0.3401
0.3392
0.1899
0.1833
0.2017
0.1488
0.3055
0.2364
0.1035
0.1643
0.1553
0.1341
0.1551
0.3724
0.623
0.1060
0.1684
0.2439
0.3866
0.2957
0.1371
0.1646
0.1005
0.1209
0.1069
0.1846
0.1309
0.1238
0.3602
0.2838
0.1040
0.2688
0.3780
0.2096
0.627
0.1159
0.3683
0.2163
0.2951
0.1523
0.1386
0.3520
0.1979
0.2885
0.3298
0.331
0.3712
0.1280
0.3798
0.581
0.2649
0.2920
0.2822
0.1976
0.817
0.3978
0.991
0.2482
0.754
0.3452
0.1963
0.1445
0.2131
0.998
0.2566
0.526
0.3058
0.1217
0.401
0.1365
0.2978
0.863
0.3562
0.1012
0.6
0.940
0.2523
0.2524
0.95
0.3763
0.3537
0.788
0.2210
0.100
0.1680
0.1956
0.1486
0.660
0.1062
0.3761
0.3196
0.2373
0.1309
0.3305
0.3511
0.1064
0.501
0.546
0.3599
0.2400
0.3282
0.2621
0.745
0.3465
0.2417
0.1361
0.2585
0.3321
0.352
0.2822
0.4019
0.2629
0.2159
0.3390
0.1565
0.1543
0.1378
0.3579
0.1129
0.991
0.744
0.3197
0.3810
0.184
0.3281
0.3498
0.3557
0.3661
0.3451
0.947
0.1779
0.2027
0.3981
0.2293
0.3075
0.1144
0.2024
0.541
0.1309
0.2484
0.3035
0.2960
0.2084
0.1215
0.1942
0.1546
0.756
0.3036
0.2274
0.1668
0.2989
0.3444
0.527
0.3420
0.2893
0.94
0.2349
0.2224
0.1669
0.2397
0.1919
0.1546
0.2245
0.2538
0.3372
0.1859
0.1434
0.3124
0.3384
0.3745
0.1081
0.102
0.1459
0.1603
0.2396
0.3880
0.2096
0.1727
0.844
0.1384
0.1657
0.265
0.3135
0.3418
0.1921
0.3991
0.1765
0.2237
0.2202
0.706
0.2366
0.97
0.3816
0.3184
0.2478
0.3302
0.3350
0.3824
0.595
0.3270
0.327
0.805
0.3734
0.2966
0.3920
0.2535
0.1792
0.3720
0.2852
0.3238
0.3920
0.2613
0.1935
0.336
0.2762
0.1433
0.3368
0.1397
0.2769
0.3679
0.3457
0.1194
0.3000
0.607
0.1696
0.3627
0.982
0.614
0.2739
0.3524
0.2264
0.565
0.4095
0.3057
0.3931
0.2508
0.3354
0.2372
0.2235
0.3048
0.1370
0.2311
0.805
0.1482
0.2445
0.3875
0.4084
0.3130
0.234
0.1344
0.1082
0.2508
0.3656
0.2862
0.1948
0.610
0.1422
0.1667
0.1380
0.4082
0.1387
0.1414
0.977
0.3209
0.2375
0.2380
0.1457
0.3472
0.1913
0.2849
0.2610
0.1103
0.4026
0.298
0.3830
0.1967
0.3545
0.1608
0.2149
0.2884
0.1201
0.2366
0.1095
0.1930
0.1369
0.1815
0.2706
0.1903
0.1690
0.1218
0.128
0.3858
0.166
0.3072
0.485
0.4043
0.262
0.3968
0.1216
0.3435
0.2773
0.2631
0.2832
0.2245
0.1836
0.3670
0.1769
0.877
0.2525
0.1671
0.1222
0.191
0.3684
0.4025
0.33
0.2083
0.282
0.3372
0.1601
0.3216
0.2220
0.3118
0.2900
0.3407
0.972
0.2808
0.1469
0.1026
0.3878
0.1747
0.943
0.996
0.1942
0.1407
0.3835
0.3666
0.3224
0.3540
0.806
0.139
0.1792
0.938
0.2495
0.3764
0.2027
0.2807
0.239
0.31
0.1013
0.1591
0.82
0.204
0.3756
0.1041
0.5
0.3120
0.2629
0.55
0.1537
0.1334
0.3982
0.2958
0.3495
0.3972
0.548
0.3983
0.3483
0.3583
0.1254
0.237
0.4054
0.2705
0.681
0.1399
0.4087
0.2858
0.3886
0.321
0.986
0.2052
0.1105
0.3838
0.620
0.1836
0.3970
0.1969
0.3262
0.318
0.889
0.3461
0.3416
0.879
0.550
0.3576
0.463
0.721
0.743
0.3903
0.666
0.1235
0.2302
0.3302
0.3361
0.263
0.3650
0.1976
0.1047
0.41
0.1556
0.3294
0.2570
0.3164
0.3221
0.2123
0.2616
0.1718
0.1559
0.1623
0.933
0.1535
0.721
0.2217
0.2666
0.694
0.2774
0.603
0.848
0.1109
0.1608
0.3929
0.3485
0.983
0.1480
0.2826
0.3886
0.1910
0.3890
0.2611
0.1734
0.3001
0.647
0.3096
0.2214
0.3502
0.2859
0.1764
0.2398
0.2676
0.337
0.842
0.2786
0.2045
0.4019
0.2925
0.4064
0.2834
0.390
0.253
0.2385
0.3736
0.3245
0.3747
0.591
0.17
0.3117
0.2208
0.3622
0.1382
0.3809
0.177
0.3245
0.4067
0.3695
0.309
0.2263
0.131
0.634
0.913
0.1413
0.366
0.1049
0.1492
0.3230
0.2240
0.1416
0.919
0.1122
0.2188
0.542
0.1576
0.3835
0.33
0.2687
0.4071
0.2133
0.651
0.275
0.1775
0.1584
0.1629
0.2743
0.761
0.3700
0.686
0.1970
0.638
0.1988
0.3426
0.2282
0.2844
0.2133
0.3755
0.1368
0.2363
0.1793
0.3534
0.953
0.752
0.663
0.2859
0.3206
0.546
0.886
0.2936
0.2087
0.2539
0.2906
0.2125
0.3428
0.2880
0.1909
0.2533
0.1052
0.3285
0.2242
0.3619
0.57
0.2619
0.1686
0.211
0.2275
0.3659
0.3960
0.2355
0.4084
0.3272
0.3122
0.177
0.3500
0.3904
0.2344
0.1783
0.1191
0.2355
0.2537
0.1829
0.523
0.1912
0.2820
0.605
0.3590
0.3803
0.1565
0.901
0.120
0.3595
0.3135
0.72
0.3564
0.1716
0.2676
0.2910
0.205
0.488
0.3219
0.3086
0.727
0.963
0.602
0.3825
0.2763
0.591
0.2748
0.1016
0.615
0.933
0.2428
0.3504
0.2197
0.1877
0.2811
0.1477
0.995
0.3848
0.2639
0.2758
0.2355
0.2660
0.3476
0.2855
0.2739
0.2608
0.3207
0.396
0.784
0.3769
0.1361
0.1605
0.231
0.1396
0.928
0.2580
0.1661
0.2532
0.3580
0.3639
0.431
0.3518
0.3417
0.3490
0.44
0.3148
0.744
0.2957
0.993
0.3343
0.51
0.2862
0.2997
0.2472
0.1385
0.1224
0.1143
0.2809
0.2550
0.3044
0.1556
0.391
0.855
0.2782
0.270
0.3362
0.3629
0.1956
0.41
0.1993
0.3472
0.1467
0.616
0.1992
0.1189
0.2435
0.311
0.3363
0.3699
0.187
0.1770
0.3639
0.2034
0.1095
0.2406
0.1951
0.101
0.1841
0.3358
0.853
0.1002
0.1775
0.1090
0.2841
0.1104
0.228
0.3634
0.2583
0.1064
0.297
0.2873
0.452
0.2079
0.3724
0.2168
0.1545
0.651
0.2009
0.2080
0.1187
0.3395
0.1625
0.2533
0.3018
0.1460
0.2457
0.1967
0.1040
0.3889
0.108
0.2706
0.397
0.3979
0.819
0.3072
0.57
0.2530
0.860
0.1853
0.3993
0.3002
0.1065
0.3860
0.414
0.81
0.179
0.3017
0.202
0.3633
0.814
0.1358
0.404
0.769
0.366
0.3513
0.782
0.416
0.682
0.4086
0.709
0.1653
0.641
0.1721
0.2024
0.1536
0.1338
0.4023
0.2477
0.2485
0.336
0.3862
0.1265
0.3851
0.558
0.1826
0.1311
0.3280
0.2103
0.2113
0.1106
0.703
0.2569
0.3369
0.1726
0.1876
0.2819
0.1872
0.1356
0.2015
0.2821
0.4004
0.2948
0.3800
0.886
0.3965
0.3248
0.1138
0.1420
0.1488
0.1086
0.3442
0.3527
0.3237
0.1383
0.3138
0.191
0.715
0.3598
0.2113
0.1312
0.3530
0.235
0.3934
0.3827
0.2073
0.2792
0.1509
0.31
0.3985
0.1995
0.2200
0.559
0.2082
0.2582
0.1282
0.3413
0.1733
0.2603
0.3080
0.175
0.2225
0.180
0.705
0.4042
0.2770
0.66
0.1416
0.2405
0.1399
0.564
0.335
0.2935
0.75
0.2779
0.1846
0.2163
0.646
0.2268
0.3676
0.458
0.868
0.981
0.2036
0.2993
0.3799
0.3651
0.2460
0.3622
0.632
0.3747
0.491
0.1837
0.1732
0.983
0.2889
0.608
0.2181
0.2252
0.260
0.2470
0.1678
0.2906
0.2720
0.835
0.1963
0.2667
0.366
0.273
0.3288
0.3936
0.1120
0.1292
0.945
0.1712
0.3611
0.3860
0.3370
0.3026
0.334
0.2031
0.3200
0.3166
0.3906
0.3470
0.624
0.1647
0.3251
0.1169
0.2214
0.1611
0.2271
0.781
0.376
0.1862
0.2780
0.2188
0.4052
0.3043
0.2350
0.1877
0.2935
0.317
0.3993
0.750
0.1376
0.421
0.1844
0.2016
0.133
0.2701
0.1215
0.186
0.708
0.2469
0.310
0.3160
0.540
0.1347
0.166
0.2405
0.541
0.1032
0.2880
0.2847
0.1437
0.1985
0.3244
0.2906
0.2221
0.3979
0.3488
0.3528
0.1740
0.1339
0.2992
0.2167
0.346
0.2556
0.872
0.1435
0.2639
0.1594
0.152
0.654
0.1836
0.191
0.2287
0.21
0.50
0.284
0.1227
0.2021
0.4050
0.331
0.2640
0.2918
0.1638
0.658
0.3768
0.4022
0.1566
0.2474
0.489
0.2801
0.2877
0.1569
0.2125
0.1712
0.1157
0.2301
0.1758
0.3023
0.4079
0.3746
0.1408
0.2932
0.4000
0.4086
0.2964
0.2380
0.2841
0.3778
0.2762
0.2840
0.174
0.348
0.3126
0.361
0.2873
0.387
0.935
0.3495
0.15
0.650
0.3380
0.2392
0.2355
0.697
0.2327
0.671
0.4042
0.3056
0.2495
0.515
0.2767
0.1933
0.2080
0.3442
0.1544
0.2448
0.590
0.3206
0.1337
0.1789
0.2122
0.519
0.1943
0.2946
0.2843
0.3760
0.3967
0.602
0.545
0.310
0.616
0.1649
0.2727
0.1926
0.1303
0.3529
0.1463
0.1358
0.2066
0.1052
0.2098
0.960
0.2134
0.2243
0.288
0.3731
0.2124
0.982
0.2628
0.586
0.1274
0.1685
0.1779
0.4024
0.2934
0.2822
0.1319
0.2244
0.673
0.1760
0.1232
0.2666
0.3345
0.1448
0.2410
0.2050
0.1871
0.3610
0.2516
0.3013
0.1603
0.1738
0.608
0.141
0.2540
0.3595
0.3367
0.2268
0.2133
0.2320
0.1183
0.1824
0.1220
0.3665
0.1135
0.2869
0.1844
0.3888
0.3201
0.2348
0.2053
0.1245
0.2649
0.3403
0.1011
0.1143
0.3238
0.340
0.3141
0.3700
0.1303
0.1803
0.1862
0.3394
0.3184
0.3058
0.1273
0.1838
0.3293
0.2647
0.3081
0.1926
0.1670
0.2960
0.767
0.762
0.611
0.3974
0.2487
0.2888
0.1874
0.3440
0.1813
0.1561
0.1383
0.481
0.3828
0.2853
0.2947
0.3589
0.1119
0.3486
0.2856
0.3111
0.3076
0.1228
0.3723
0.3447
0.741
0.2037
0.1259
0.1291
0.3409
0.383
0.2338
0.1059
0.531
0.3416
0.1658
0.2993
0.1513
0.1686
0.4033
0.1817
0.2872
0.2139
0.3232
0.1077
0.2557
0.1532
0.296
0.3228
0.1031
0.3682
0.942
0.1060
0.2404
0.3760
0.1241
0.165
0.281
0.2085
0.3577
0.3840
0.2582
0.3397
0.2458
0.2400
0.2152
0.2611
0.2650
0.704
0.689
0.3170
0.1015
0.2990
0.981
0.3436
0.2732
0.1102
0.1271
0.1346
0.3262
0.4001
0.932
0.1926
0.2642
0.3079
0.2125
0.53
0.3969
0.1283
0.251
0.905
0.1198
0.575
0.1086
0.1310
0.2327
0.2000
0.102
0.2643
0.2987
0.3002
0.2806
0.3059
0.1564
0.1207
0.1110
0.2837
0.3636
0.1588
0.968
0.3392
0.364
0.3485
0.3997
0.979
0.3771
0.1242
0.1449
0.676
0.684
0.3610
0.2036
0.2536
0.2483
0.3279
0.434
0.1875
0.3265
0.4089
0.2166
0.640
0.3094
0.424
0.3490
0.2194
0.3159
0.4028
0.1058
0.2844
0.2528
0.496
0.3674
0.1598
0.1627
0.279
0.2140
0.529
0.1169
0.933
0.607
0.837
0.1665
0.880
0.3949
0.3849
0.431
0.184
0.3163
0.1579
0.3519
0.1637
0.766
0.2945
0.322
0.913
0.3484
0.2439
0.208
0.3654
0.3745
0.2889
0.1111
0.905
0.147
0.3204
0.1714
0.2199
0.584
0.1288
0.894
0.366
0.855
0.864
0.1833
0.143
0.1228
0.2741
0.1355
0.1027
0.544
0.2032
0.2362
0.924
0.1640
0.543
0.1241
0.1149
0.460
0.2586
0.432
0.1500
0.827
0.3430
0.2114
0.2823
0.2653
0.89
0.410
0.1701
0.1481
0.895
0.1832
0.2879
0.377
0.2109
0.1227
0.1279
0.2426
0.2228
0.303
0.183
0.1256
0.1768
0.89
0.1060
0.3354
0.1826
0.1152
0.2933
0.1306
0.2451
0.287
0.7
0.1368
0.1849
0.1096
0.3187
0.3999
0.1543
0.2619
0.458
0.3911
0.2112
0.3895
0.543
0.2477
0.2852
0.912
0.1094
0.736
0.2254
0.1538
0.1244
0.2717
0.349
0.2117
0.2183
0.1406
0.3922
0.481
0.895
0.1646
0.2873
0.1348
0.2638
0.3168
0.652
0.2834
0.4052
0.2113
0.1492
0.1980
0.1165
0.3882
0.529
0.3924
0.2839
0.3291
0.2396
0.2976
0.1518
0.2661
0.3787
0.2157
0.635
0.3366
0.2453
0.2597
0.1357
0.506
0.886
0.676
0.2982
0.2224
0.1621
0.2120
0.1593
0.955
0.3365
0.839
0.306
0.42
0.3081
0.1350
0.3447
0.2523
0.955
0.3879
0.3885
0.4075
0.1070
0.2338
0.1407
0.3440
0.626
0.279
0.3994
0.2667
0.1497
0.802
0.764
0.2296
0.88
0.113
0.1775
0.712
0.1583
0.2130
0.2384
0.2769
0.2252
0.1936
0.149
0.1860
0.2285
0.512
0.3855
0.1984
0.1030
0.2647
0.2923
0.3013
0.226
0.3134
0.639
0.3435
0.3980
0.3241
0.1604
0.1108
0.112
0.1124
0.3614
0.1247
0.1726
0.2286
0.3172
0.3998
0.2575
0.1931
0.3356
0.1291
0.2891
0.1685
0.518
0.374
0.202
0.275
0.4061
0.1346
0.3513
0.141
0.217
0.3409
0.2240
0.2334
0.120
0.4029
0.1505
0.3018
0.1150
0.201
0.1956
0.786
0.1850
0.1047
0.2929
0.3526
0.1804
0.3611
0.1341
0.3099
0.3876
0.2511
0.3689
0.765
0.3468
0.1704
0.3046
0.2470
0.2665
0.713
0.3998
0.1392
0.1150
0.1400
0.2319
0.2023
0.1777
0.3534
0.2361
0.803
0.3154
0.2482
0.3515
0.2133
0.729
0.2312
0.1849
0.1183
0.1519
0.293
0.3840
0.41
0.240
0.1158
0.4077
0.881
0.3888
0.706
0.1675
0.1762
0.3388
0.1214
0.3195
0.169
0.3938
0.2336
0.793
0.1220
0.371
0.1286
0.348
0.2907
0.967
0.3319
0.2302
0.340
0.2434
0.2586
0.1757
0.1826
0.3094
0.4005
0.674
0.477
0.2057
0.1177
0.416
0.664
0.1785
0.1453
0.255
0.2031
0.2781
0.903
0.2841
0.3551
0.3725
0.306
0.3108
0.4059
0.3973
0.1741
0.2578
0.283
0.1253
0.3200
0.949
0.3896
0.1981
0.437
0.2855
0.758
0.136
0.1156
0.3945
0.864
0.3574
0.3438
0.2378
0.3867
0.2287
0.847
0.3978
0.4084
0.2516
0.2958
0.1600
0.3259
0.776
0.2711
0.3449
0.3412
0.1199
0.2187
0.802
0.1291
0.3509
0.3637
0.3112
0.1832
0.3602
0.3649
0.2269
0.2499
0.3661
0.3752
0.2206
0.2778
0.63
0.1647
0.179
0.2977
0.3354
0.913
0.2678
0.1561
0.1194
0.3386
0.3255
0.228
0.474
0.1589
0.1120
0.1368
0.2169
0.936
0.85
0.3026
0.62
0.3071
0.1182
0.589
0.266
0.550
0.2248
0.307
0.1134
0.251
0.1416
0.626
0.109
0.2819
0.1442
0.3795
0.3971
0.603
0.3593
0.1416
0.2534
0.3314
0.328
0.515
0.1035
0.2294
0.544
0.1039
0.1644
0.1420
0.2419
0.3609
0.649
0.964
0.865
0.3534
0.2348
0.972
0.1968
0.748
0.1522
0.612
0.369
0.2129
0.1031
0.2705
0.2528
0.857
0.49
0.3990
0.2701
0.3430
0.3088
0.800
0.2745
0.3008
0.1700
0.3009
0.3075
0.2464
0.3599
0.3999
0.2628
0.2183
0.3740
0.1902
0.695
0.2772
0.769
0.3483
0.1629
0.3222
0.2529
0.3530
0.2975
0.3743
0.1173
0.2179
0.822
0.2010
0.812
0.3880
0.1096
0.222
0.432
0.3115
0.979
0.3522
0.2731
0.2941
0.2895
0.2611
0.746
0.1866
0.655
0.3013
0.641
0.3299
0.233
0.3719
0.3856
0.3580
0.2454
0.4058
0.2884
0.535
0.1883
0.2947
0.4000
