272
1978
2507
213
1458
1055
258
1099
1352
1973
3693
1465
3369
4047
2604
3224
1919
3130
2532
2244
575
2662
3926
1736
607
3015
1335
2396
1859
2939
3643
3116
632
1837
2676
987
1956
3897
1754
3912
2237
529
2859
3600
634
1759
2549
84
3335
2924
1776
956
1277
2368
1938
443
145
1547
478
789
1292
835
3453
3231
123
271
2831
2374
2983
2148
1475
1363
2119
109
805
3822
3957
817
1336
4064
1119
1392
709
1181
3903
1485
2546
1153
1165
1843
278
3930
3186
2673
2508
1063
3713
2855
2631
1311
1442
998
229
3317
78
3475
1542
2395
258
3596
30
3781
749
2574
3593
2415
1772
3671
2975
4001
3257
1031
1161
2354
3168
1100
2387
75
1010
3902
2753
3949
3452
2568
3943
181
314
2121
1908
607
2057
1210
719
1162
539
3344
3429
1082
1518
1316
1473
1955
2943
1361
477
4005
1979
2077
1591
659
3126
2844
808
1080
3871
1810
3185
3868
3956
856
3863
771
2418
2177
2418
3255
3920
1596
2432
2823
2604
124
1407
1296
1862
2007
698
1467
1388
300
3747
135
1717
137
3618
905
2674
2892
1837
2737
866
1416
2201
2126
3621
3754
1071
1748
3059
348
3843
2013
1422
2729
3073
1135
2677
3170
1225
637
91
3777
1213
944
1751
1357
2647
359
861
2813
705
2556
2413
2464
927
841
778
124
1839
1642
3438
3638
3733
2245
3580
498
3696
1608
886
1978
2481
242
1904
1060
3757
2453
1029
815
2673
1498
456
3695
1621
1925
509
3690
980
2298
2314
2881
2714
768
3368
147
3295
4038
3422
2206
1524
3876
1200
679
1819
34
3476
2204
1692
958
2469
2041
1301
3306
411
488
3346
469
379
1708
221
619
1291
63
2712
2079
2185
58
648
744
412
1270
4020
1929
1163
2545
1711
790
2477
1907
2738
1972
1825
1393
1261
1696
702
1457
1567
2931
77
2351
1637
3236
4086
1216
1871
1358
249
2293
3129
3123
3231
322
3289
3074
3439
3679
1556
213
1700
4079
3350
3838
4063
352
2209
1795
2330
3602
1189
2791
2781
187
1042
2219
1716
522
1258
3605
3040
2698
2714
2480
1101
3018
650
3348
3524
1211
1779
1127
866
1369
1009
1828
2889
1421
729
1563
3221
850
4044
2746
402
3096
3468
2954
2604
1381
2959
2556
678
2242
594
3430
655
1749
2544
3913
2034
1483
3827
3285
718
3833
2410
431
1221
4034
2620
4081
2328
443
699
2419
2259
3597
2684
3657
3909
27
1895
1164
691
2917
3082
3422
1358
2220
50
2856
609
3672
1981
3366
3023
2070
2986
1062
3005
453
2418
1164
3724
2451
3227
2458
2314
3427
1674
3566
3817
1907
2201
3404
3440
3643
1129
926
3696
2968
1658
3385
1914
3881
3832
3170
2383
4089
3288
2065
920
351
3876
2037
215
3875
147
439
3742
1250
349
2947
1535
1204
845
1989
2115
267
3096
3632
990
3551
493
1541
1443
3336
1613
1426
2613
2539
797
2809
958
2136
3578
562
2019
2739
1484
3155
2551
850
3742
3087
1390
1319
4013
2941
3221
1951
1982
3867
3969
457
2997
2579
3909
187
868
1981
361
3378
2209
3684
1943
1144
3227
3917
3990
2187
1902
2037
3965
2939
1524
2203
544
2580
2526
1022
1999
2493
4
3176
3904
3488
250
491
2761
1803
4068
1515
1490
1302
2955
2013
3723
1927
1456
3917
2010
2290
1184
1830
1944
1061
776
3630
1276
2243
523
208
2903
814
402
30
1282
2986
739
2582
661
192
2422
1828
602
225
3587
233
3074
1868
2016
1595
1174
50
138
109
3760
2071
1410
3536
2794
2683
3162
1401
3223
954
3343
2117
1713
2609
1689
795
1299
674
449
1649
1512
985
1587
1810
1892
3472
1492
3102
3506
1681
597
3666
1325
1562
265
3209
1234
3205
243
2435
1269
3880
1828
1766
3636
2939
1348
386
1194
1400
3694
729
869
1352
3649
3039
3097
2075
1587
3326
3861
2136
1321
3933
3959
246
3397
866
1948
41
3071
2166
475
3394
2168
520
2419
1488
3082
3540
1985
1548
2340
3941
439
116
1109
1240
2441
2229
934
2276
2217
1486
2093
1559
1526
3955
1503
3938
3121
2735
3494
472
1200
2510
3508
947
2646
890
3094
1176
2242
1316
3980
796
3015
1190
2712
2950
796
1318
3285
982
3669
829
3722
2311
1298
3160
2687
402
3959
1375
2575
2355
732
1173
1919
2543
1733
704
2702
1622
1556
1929
845
2310
125
1317
1841
3440
59
1845
1127
1503
2049
2283
3943
694
3380
1647
3788
3832
599
3457
2403
1550
1479
351
2690
1733
2216
1513
155
1943
543
1539
2576
43
705
2363
1097
3103
3148
3244
261
2820
405
801
1517
426
706
126
2671
158
2489
1116
1993
1010
2777
2036
3940
60
3559
830
2916
225
843
3418
3453
2964
2428
3118
8
3353
1721
1873
3414
847
2810
551
324
2157
3622
334
2319
908
3718
3897
1386
614
890
1051
718
93
2154
1287
3090
3775
1024
3669
2875
584
3988
3399
3221
2536
744
3309
2051
711
2070
2629
1171
3463
3014
935
2645
2249
3492
1888
1646
1266
1298
1438
1384
1327
3609
2444
1996
438
678
3517
1267
3919
1011
4046
25
19
2115
1863
947
372
210
963
1794
2942
3084
1617
489
1373
2045
2585
764
798
2313
67
3033
186
2269
788
1979
3664
421
1114
76
434
2431
2827
1211
291
560
1065
1807
2911
279
2792
955
220
863
3091
1906
592
632
2220
1852
2163
3271
3027
3786
2310
1692
2024
2310
3348
1893
3828
1775
3192
1826
2629
2212
671
25
1369
3262
143
2251
4094
2531
40
2598
2998
1689
3242
1532
2144
855
1144
436
1045
2786
2076
2368
593
3287
2698
3663
3667
1667
1705
1987
3270
3579
3599
1381
160
873
1292
3031
1867
3237
4075
3275
3
3845
1396
3955
639
2933
2742
3384
2259
202
3075
1711
149
2131
1851
1225
1854
177
2894
2634
1492
2793
252
2428
4038
3512
223
548
2328
807
2732
2997
1983
1118
438
4036
1103
1981
691
2236
3539
1321
1731
2259
1276
1188
1966
3388
639
2849
2413
414
3256
2454
3309
1990
147
594
15
1945
428
2193
3827
2892
1461
3662
2678
3031
3865
1112
2041
422
2782
168
3685
3474
1488
3826
1131
3601
3292
3962
1041
1193
3258
2089
1898
4011
1231
3040
676
3101
337
3084
3913
1016
172
2171
3262
3220
2084
366
2576
2400
3004
4079
3311
1750
3415
2148
2555
430
1822
2917
575
3666
1313
2251
2555
1171
577
2313
3239
922
3149
192
564
545
875
653
2453
3811
2234
806
3198
1360
53
933
108
2694
2523
1571
2277
1661
1549
137
3841
3457
2359
419
553
3558
690
3190
1567
1527
2793
3540
574
1583
3259
45
1540
940
3617
424
1741
3808
3089
114
2785
650
3490
342
1457
3812
624
1167
2398
1310
66
3290
379
1804
1002
3279
2836
3868
2413
3696
3567
1162
3940
2307
2833
4055
2466
2333
1156
887
1815
3840
600
3274
3828
1830
2280
333
2320
286
1119
3090
1419
2199
3450
3949
1969
1211
2959
3825
2081
446
1998
1434
558
2230
1479
3148
133
2477
1324
1148
3344
3060
216
2861
2075
2235
3857
2079
2742
991
1802
3395
2138
1795
4012
2673
975
738
2966
2397
2892
2787
1635
1480
4065
3823
1835
1523
3090
1919
3148
1881
3525
2041
1130
925
1886
2876
2228
450
3112
3705
3177
1946
3063
3654
1435
3969
523
2541
820
1611
2872
266
1078
1402
1860
3925
1095
3508
2449
2748
364
1397
3323
1973
3861
2
3844
2002
2650
158
1583
1685
900
3583
1961
2183
207
2563
46
132
3694
416
1067
3929
4048
2329
2848
401
1570
2168
2633
3979
21
3128
637
976
1761
3650
1366
2980
3210
2843
1426
1499
3937
1883
1721
1006
1743
2401
0
334
3406
2885
1646
1272
3000
2318
573
330
2500
3877
899
1557
1997
3338
2578
2291
1494
70
1180
2011
3020
2977
2843
2546
1802
3732
2159
676
291
257
1865
2804
987
1826
1609
1296
3702
448
1891
3625
54
3749
3719
641
3103
3411
897
1990
2557
3062
2846
414
2216
152
2960
1155
1415
660
19
2769
3411
2125
4049
29
2589
3359
3075
1737
659
918
2394
3029
3711
2014
2205
3320
1168
1659
659
1264
1373
2874
2851
534
1959
3176
4026
2869
2526
1601
1261
1692
3303
2731
1888
1906
3101
2341
998
1354
1686
762
2793
503
3495
4026
781
418
3242
1514
3856
2330
3582
3067
2805
1642
336
1401
1121
1969
1817
133
581
1070
1384
1925
4029
2971
2530
2842
3640
4028
3335
2131
730
3127
2743
3872
798
166
1012
3337
1216
235
3561
31
1242
4035
555
1587
2637
1951
1088
3143
1890
1455
94
578
3761
2879
1908
1768
3906
2374
3183
8
3059
2620
1718
759
537
3629
3574
318
874
3340
805
3472
1819
841
2753
3327
1605
3237
3161
2159
1933
326
2895
586
3588
2310
3292
1141
3916
2321
3924
2691
1277
4015
1708
3113
3398
606
569
3058
3800
548
4026
3636
1023
2595
3993
3139
274
3182
3694
2020
2574
283
1989
773
2942
2970
1569
4011
2718
2629
1089
3115
191
1079
929
3997
1517
2402
3140
2702
3792
2268
2481
4085
464
378
2364
2664
1916
160
3462
400
2605
855
2887
987
2278
3488
843
2160
383
3081
3515
3432
1539
893
2718
1595
342
864
2975
3704
3867
3548
2833
1210
2772
2677
1072
471
2635
1764
170
90
1842
2594
3934
2100
3078
3523
2147
686
2105
389
588
2722
3983
3369
3242
3307
2249
1153
979
3354
3969
459
482
618
3413
2621
255
247
3655
225
737
810
1124
2979
400
1912
3748
3753
3440
1612
1810
482
3195
1089
3116
1250
3790
1173
2445
1261
3175
4059
969
2385
45
751
2969
2553
1072
2607
3128
1088
819
3304
2316
515
872
3343
3721
1786
3706
3890
2643
2120
2768
3757
3746
592
2577
545
1259
203
227
1058
957
3351
3065
1072
3049
1746
1612
1001
229
2728
1192
1148
114
2921
2667
2145
3453
351
2954
3400
579
990
4052
591
3513
284
2939
3703
43
2115
208
2905
2851
2501
3918
2069
2188
496
986
2188
3351
450
3657
1231
2526
2558
35
3286
328
3199
2214
1142
812
1997
526
2957
1081
238
1044
1664
1173
3967
4021
2791
2500
3
2100
1158
4044
122
3426
1664
1430
2870
2845
3271
2200
1002
535
471
945
2820
3545
3236
1364
2876
3079
2768
233
1389
2277
2850
3952
3748
1306
3124
872
1143
2228
875
1007
2969
1901
44
810
3243
2604
3917
999
852
463
714
641
915
1832
442
1284
2388
3141
1153
1682
1602
757
326
518
477
3207
3240
4054
4044
1749
684
2878
116
2690
3066
667
4041
3711
842
1813
1636
1236
3865
3968
215
1181
928
644
317
1362
262
3068
3861
3916
469
413
2384
1413
3499
2776
3752
3232
1074
1
52
809
1105
1200
569
3869
932
360
3908
1197
2602
118
373
2623
1598
540
1566
3510
3273
3055
3981
3827
2485
1918
2341
923
1189
1076
436
2075
3555
128
0
490
1945
3634
1443
1806
3909
1577
1049
3810
2919
3883
2072
22
380
3092
3871
4087
2096
1331
2898
1777
2512
241
2437
3666
2814
4019
3479
2896
2472
3842
2305
2894
2107
2026
4014
1371
2323
3231
3854
1276
3639
2407
2918
555
323
3251
1898
2719
1957
2703
2573
78
1804
3901
1688
305
3614
1309
2809
3143
1386
465
2142
2012
3229
3741
2563
3339
2040
20
3656
3202
513
241
1543
133
1401
1091
3620
54
911
717
1894
2067
2643
1964
133
3008
3949
58
1668
1287
783
819
3904
1053
3880
790
586
1318
1755
4046
1010
3836
2607
2962
1700
3884
520
1802
1656
1858
2134
2227
772
3911
140
900
2933
391
1108
210
222
920
2176
369
719
151
3652
2588
2602
2229
1187
3862
1586
2546
3624
786
4069
1577
3798
3409
1932
2637
1633
2826
144
2802
2719
14
3983
2575
1593
2732
3759
2562
4006
3794
3122
468
3162
3190
1867
1727
1082
1332
3888
3821
2388
1337
2161
387
1997
863
3208
2014
538
3225
1969
1052
3443
3730
2300
223
645
1425
2208
3661
1640
416
2194
92
4048
1773
854
588
3207
3440
3350
885
2843
974
2801
322
3284
2430
1173
638
1000
1066
1040
1998
498
1112
2019
1407
2721
3401
2904
2690
3757
1057
2326
2229
784
2633
3059
613
2162
1810
521
272
1765
1179
1548
2415
466
1012
731
179
2099
3203
1364
1808
1283
2727
109
2936
1011
412
1920
3241
3679
1183
743
2921
1152
2898
713
528
1763
1377
1075
1352
1050
358
3179
529
3761
2826
3713
3336
3940
1133
3878
1768
1934
3785
2753
2641
2021
1618
448
1736
3941
1376
3884
3328
1674
719
3457
87
2754
4006
3516
420
3618
2040
1205
1840
3928
2824
687
1538
3553
3760
2350
96
3708
516
777
3474
990
818
703
3817
4007
3245
2830
1536
3989
3466
1474
66
2807
298
3276
2988
1125
2585
2451
2260
943
1078
3727
3627
3091
532
3859
127
691
2465
2410
1220
2374
1029
1830
3859
269
1229
1973
755
2568
3145
2357
2264
619
2354
905
3305
2636
3472
2477
2822
3998
2779
1350
3082
1634
2401
126
2125
284
3815
526
878
3460
2195
3996
1359
2431
3082
2632
1120
1101
981
2434
1313
4
2825
2078
738
1853
3111
1962
1485
2829
1857
3583
2599
3383
862
278
3283
2719
3872
1309
280
2562
1188
202
932
741
1194
3056
3792
203
3318
3152
1061
1707
3574
1201
3871
1697
932
2611
1330
484
1454
992
1803
1272
724
2180
1816
1061
2962
3774
2378
3111
0
856
26
2855
1270
2516
2762
1514
1139
2887
2285
3401
3392
1899
1833
2017
1488
3055
2364
1035
1643
1553
1341
1551
3724
623
1060
1684
2439
3866
2957
1371
1646
1005
1209
1069
1846
1309
1238
3602
2838
1040
2688
3780
2096
627
1159
3683
2163
2951
1523
1386
3520
1979
2885
3298
331
3712
1280
3798
581
2649
2920
2822
1976
817
3978
991
2482
754
3452
1963
1445
2131
998
2566
526
3058
1217
401
1365
2978
863
3562
1012
6
940
2523
2524
95
3763
3537
788
2210
100
1680
1956
1486
660
1062
3761
3196
2373
1309
3305
3511
1064
501
546
3599
2400
3282
2621
745
3465
2417
1361
2585
3321
352
2822
4019
2629
2159
3390
1565
1543
1378
3579
1129
991
744
3197
3810
184
3281
3498
3557
3661
3451
947
1779
2027
3981
2293
3075
1144
2024
541
1309
2484
3035
2960
2084
1215
1942
1546
756
3036
2274
1668
2989
3444
527
3420
2893
94
2349
2224
1669
2397
1919
1546
2245
2538
3372
1859
1434
3124
3384
3745
1081
102
1459
1603
2396
3880
2096
1727
844
1384
1657
265
3135
3418
1921
3991
1765
2237
2202
706
2366
97
3816
3184
2478
3302
3350
3824
595
3270
327
805
3734
2966
3920
2535
1792
3720
2852
3238
3920
2613
1935
336
2762
1433
3368
1397
2769
3679
3457
1194
3000
607
1696
3627
982
614
2739
3524
2264
565
4095
3057
3931
2508
3354
2372
2235
3048
1370
2311
805
1482
2445
3875
4084
3130
234
1344
1082
2508
3656
2862
1948
610
1422
1667
1380
4082
1387
1414
977
3209
2375
2380
1457
3472
1913
2849
2610
1103
4026
298
3830
1967
3545
1608
2149
2884
1201
2366
1095
1930
1369
1815
2706
1903
1690
1218
128
3858
166
3072
485
4043
262
3968
1216
3435
2773
2631
2832
2245
1836
3670
1769
877
2525
1671
1222
191
3684
4025
33
2083
282
3372
1601
3216
2220
3118
2900
3407
972
2808
1469
1026
3878
1747
943
996
1942
1407
3835
3666
3224
3540
806
139
1792
938
2495
3764
2027
2807
239
31
1013
1591
82
204
3756
1041
5
3120
2629
55
1537
1334
3982
2958
3495
3972
548
3983
3483
3583
1254
237
4054
2705
681
1399
4087
2858
3886
321
986
2052
1105
3838
620
1836
3970
1969
3262
318
889
3461
3416
879
550
3576
463
721
743
3903
666
1235
2302
3302
3361
263
3650
1976
1047
41
1556
3294
2570
3164
3221
2123
2616
1718
1559
1623
933
1535
721
2217
2666
694
2774
603
848
1109
1608
3929
3485
983
1480
2826
3886
1910
3890
2611
1734
3001
647
3096
2214
3502
2859
1764
2398
2676
337
842
2786
2045
4019
2925
4064
2834
390
253
2385
3736
3245
3747
591
17
3117
2208
3622
1382
3809
177
3245
4067
3695
309
2263
131
634
913
1413
366
1049
1492
3230
2240
1416
919
1122
2188
542
1576
3835
33
2687
4071
2133
651
275
1775
1584
1629
2743
761
3700
686
1970
638
1988
3426
2282
2844
2133
3755
1368
2363
1793
3534
953
752
663
2859
3206
546
886
2936
2087
2539
2906
2125
3428
2880
1909
2533
1052
3285
2242
3619
57
2619
1686
211
2275
3659
3960
2355
4084
3272
3122
177
3500
3904
2344
1783
1191
2355
2537
1829
523
1912
2820
605
3590
3803
1565
901
120
3595
3135
72
3564
1716
2676
2910
205
488
3219
3086
727
963
602
3825
2763
591
2748
1016
615
933
2428
3504
2197
1877
2811
1477
995
3848
2639
2758
2355
2660
3476
2855
2739
2608
3207
396
784
3769
1361
1605
231
1396
928
2580
1661
2532
3580
3639
431
3518
3417
3490
44
3148
744
2957
993
3343
51
2862
2997
2472
1385
1224
1143
2809
2550
3044
1556
391
855
2782
270
3362
3629
1956
41
1993
3472
1467
616
1992
1189
2435
311
3363
3699
187
1770
3639
2034
1095
2406
1951
101
1841
3358
853
1002
1775
1090
2841
1104
228
3634
2583
1064
297
2873
452
2079
3724
2168
1545
651
2009
2080
1187
3395
1625
2533
3018
1460
2457
1967
1040
3889
108
2706
397
3979
819
3072
57
2530
860
1853
3993
3002
1065
3860
414
81
179
3017
202
3633
814
1358
404
769
366
3513
782
416
682
4086
709
1653
641
1721
2024
1536
1338
4023
2477
2485
336
3862
1265
3851
558
1826
1311
3280
2103
2113
1106
703
2569
3369
1726
1876
2819
1872
1356
2015
2821
4004
2948
3800
886
3965
3248
1138
1420
1488
1086
3442
3527
3237
1383
3138
191
715
3598
2113
1312
3530
235
3934
3827
2073
2792
1509
31
3985
1995
2200
559
2082
2582
1282
3413
1733
2603
3080
175
2225
180
705
4042
2770
66
1416
2405
1399
564
335
2935
75
2779
1846
2163
646
2268
3676
458
868
981
2036
2993
3799
3651
2460
3622
632
3747
491
1837
1732
983
2889
608
2181
2252
260
2470
1678
2906
2720
835
1963
2667
366
273
3288
3936
1120
1292
945
1712
3611
3860
3370
3026
334
2031
3200
3166
3906
3470
624
1647
3251
1169
2214
1611
2271
781
376
1862
2780
2188
4052
3043
2350
1877
2935
317
3993
750
1376
421
1844
2016
133
2701
1215
186
708
2469
310
3160
540
1347
166
2405
541
1032
2880
2847
1437
1985
3244
2906
2221
3979
3488
3528
1740
1339
2992
2167
346
2556
872
1435
2639
1594
152
654
1836
191
2287
21
50
284
1227
2021
4050
331
2640
2918
1638
658
3768
4022
1566
2474
489
2801
2877
1569
2125
1712
1157
2301
1758
3023
4079
3746
1408
2932
4000
4086
2964
2380
2841
3778
2762
2840
174
348
3126
361
2873
387
935
3495
15
650
3380
2392
2355
697
2327
671
4042
3056
2495
515
2767
1933
2080
3442
1544
2448
590
3206
1337
1789
2122
519
1943
2946
2843
3760
3967
602
545
310
616
1649
2727
1926
1303
3529
1463
1358
2066
1052
2098
960
2134
2243
288
3731
2124
982
2628
586
1274
1685
1779
4024
2934
2822
1319
2244
673
1760
1232
2666
3345
1448
2410
2050
1871
3610
2516
3013
1603
1738
608
141
2540
3595
3367
2268
2133
2320
1183
1824
1220
3665
1135
2869
1844
3888
3201
2348
2053
1245
2649
3403
1011
1143
3238
340
3141
3700
1303
1803
1862
3394
3184
3058
1273
1838
3293
2647
3081
1926
1670
2960
767
762
611
3974
2487
2888
1874
3440
1813
1561
1383
481
3828
2853
2947
3589
1119
3486
2856
3111
3076
1228
3723
3447
741
2037
1259
1291
3409
383
2338
1059
531
3416
1658
2993
1513
1686
4033
1817
2872
2139
3232
1077
2557
1532
296
3228
1031
3682
942
1060
2404
3760
1241
165
281
2085
3577
3840
2582
3397
2458
2400
2152
2611
2650
704
689
3170
1015
2990
981
3436
2732
1102
1271
1346
3262
4001
932
1926
2642
3079
2125
53
3969
1283
251
905
1198
575
1086
1310
2327
2000
102
2643
2987
3002
2806
3059
1564
1207
1110
2837
3636
1588
968
3392
364
3485
3997
979
3771
1242
1449
676
684
3610
2036
2536
2483
3279
434
1875
3265
4089
2166
640
3094
424
3490
2194
3159
4028
1058
2844
2528
496
3674
1598
1627
279
2140
529
1169
933
607
837
1665
880
3949
3849
431
184
3163
1579
3519
1637
766
2945
322
913
3484
2439
208
3654
3745
2889
1111
905
147
3204
1714
2199
584
1288
894
366
855
864
1833
143
1228
2741
1355
1027
544
2032
2362
924
1640
543
1241
1149
460
2586
432
1500
827
3430
2114
2823
2653
89
410
1701
1481
895
1832
2879
377
2109
1227
1279
2426
2228
303
183
1256
1768
89
1060
3354
1826
1152
2933
1306
2451
287
7
1368
1849
1096
3187
3999
1543
2619
458
3911
2112
3895
543
2477
2852
912
1094
736
2254
1538
1244
2717
349
2117
2183
1406
3922
481
895
1646
2873
1348
2638
3168
652
2834
4052
2113
1492
1980
1165
3882
529
3924
2839
3291
2396
2976
1518
2661
3787
2157
635
3366
2453
2597
1357
506
886
676
2982
2224
1621
2120
1593
955
3365
839
306
42
3081
1350
3447
2523
955
3879
3885
4075
1070
2338
1407
3440
626
279
3994
2667
1497
802
764
2296
88
113
1775
712
1583
2130
2384
2769
2252
1936
149
1860
2285
512
3855
1984
1030
2647
2923
3013
226
3134
639
3435
3980
3241
1604
1108
112
1124
3614
1247
1726
2286
3172
3998
2575
1931
3356
1291
2891
1685
518
374
202
275
4061
1346
3513
141
217
3409
2240
2334
120
4029
1505
3018
1150
201
1956
786
1850
1047
2929
3526
1804
3611
1341
3099
3876
2511
3689
765
3468
1704
3046
2470
2665
713
3998
1392
1150
1400
2319
2023
1777
3534
2361
803
3154
2482
3515
2133
729
2312
1849
1183
1519
293
3840
41
240
1158
4077
881
3888
706
1675
1762
3388
1214
3195
169
3938
2336
793
1220
371
1286
348
2907
967
3319
2302
340
2434
2586
1757
1826
3094
4005
674
477
2057
1177
416
664
1785
1453
255
2031
2781
903
2841
3551
3725
306
3108
4059
3973
1741
2578
283
1253
3200
949
3896
1981
437
2855
758
136
1156
3945
864
3574
3438
2378
3867
2287
847
3978
4084
2516
2958
1600
3259
776
2711
3449
3412
1199
2187
802
1291
3509
3637
3112
1832
3602
3649
2269
2499
3661
3752
2206
2778
63
1647
179
2977
3354
913
2678
1561
1194
3386
3255
228
474
1589
1120
1368
2169
936
85
3026
62
3071
1182
589
266
550
2248
307
1134
251
1416
626
109
2819
1442
3795
3971
603
3593
1416
2534
3314
328
515
1035
2294
544
1039
1644
1420
2419
3609
649
964
865
3534
2348
972
1968
748
1522
612
369
2129
1031
2705
2528
857
49
3990
2701
3430
3088
800
2745
3008
1700
3009
3075
2464
3599
3999
2628
2183
3740
1902
695
2772
769
3483
1629
3222
2529
3530
2975
3743
1173
2179
822
2010
812
3880
1096
222
432
3115
979
3522
2731
2941
2895
2611
746
1866
655
3013
641
3299
233
3719
3856
3580
2454
4058
2884
535
1883
2947
4000