272
442
459
213
434
31
258
75
328
437
109
441
297
463
44
152
383
58
484
196
63
102
342
200
95
455
311
348
323
379
59
44
120
301
116
475
420
313
218
328
189
17
299
16
122
223
501
84
263
364
240
444
253
320
402
443
145
11
478
277
268
323
381
159
123
271
271
326
423
100
451
339
71
109
293
238
373
305
312
480
95
368
197
157
319
461
498
129
141
307
278
346
114
113
460
39
129
295
71
287
418
486
229
245
78
403
6
347
258
12
30
197
237
14
9
367
236
87
415
417
185
7
137
306
96
76
339
75
498
318
193
365
380
8
359
181
314
73
372
95
9
186
207
138
27
272
357
58
494
292
449
419
383
337
477
421
443
29
55
147
54
284
296
56
287
274
113
284
372
344
279
259
370
129
370
183
336
60
384
263
44
124
383
272
326
471
186
443
364
300
163
135
181
137
34
393
114
332
301
177
354
392
153
78
37
170
47
212
499
348
259
477
398
169
1
111
117
98
201
125
91
193
189
432
215
333
87
359
349
253
193
508
365
416
415
329
266
124
303
106
366
54
149
197
508
498
112
72
374
442
433
242
368
36
173
405
5
303
113
474
456
111
85
389
509
106
468
250
266
321
154
256
296
147
223
454
350
158
500
292
176
167
283
34
404
156
156
446
421
505
277
234
411
488
274
469
379
172
221
107
267
63
152
31
137
58
136
232
412
246
436
393
139
497
175
278
429
371
178
436
289
369
237
160
190
433
31
371
77
303
101
164
502
192
335
334
249
245
57
51
159
322
217
2
367
95
20
213
164
495
278
254
479
352
161
259
282
18
165
231
221
187
18
171
180
10
234
21
480
138
154
432
77
458
138
276
452
187
243
103
354
345
497
292
329
397
217
27
149
338
460
186
402
24
396
394
44
357
399
508
166
194
82
358
143
213
496
329
498
459
243
213
206
249
362
431
197
450
60
497
280
443
187
371
211
13
124
73
325
27
359
140
179
357
10
350
334
172
50
296
97
88
445
294
463
22
426
38
445
453
370
140
140
403
155
410
266
355
138
494
233
371
153
332
368
59
105
414
112
408
122
313
378
297
248
98
335
505
216
17
408
351
292
501
215
291
147
439
158
226
349
387
511
180
333
453
67
267
24
48
478
479
493
5
419
264
77
402
53
491
285
249