272
1978
6603
4309
1458
5151
4354
5195
1352
1973
3693
1465
7465
8143
6700
3224
6015
7226
6628
2244
575
2662
8022
5832
4703
3015
1335
2396
1859
7035
3643
7212
632
5933
6772
987
1956
3897
1754
8008
6333
529
2859
3600
634
1759
2549
4180
3335
2924
1776
5052
1277
2368
6034
4539
4241
5643
478
789
1292
4931
7549
3231
4219
271
2831
2374
2983
6244
5571
5459
2119
4205
4901
7918
3957
4913
5432
8160
1119
1392
709
1181
7999
1485
2546
1153
5261
1843
278
3930
7282
2673
2508
5159
3713
6951
2631
1311
1442
5094
4325
7413
78
3475
5638
2395
4354
7692
4126
7877
4845
2574
3593
6511
5868
3671
2975
4001
7353
1031
5257
6450
3168
1100
2387
4171
1010
3902
6849
3949
3452
6664
3943
4277
4410
2121
1908
4703
6153
5306
4815
1162
4635
3344
3429
1082
5614
1316
5569
1955
2943
1361
4573
8101
6075
6173
5687
4755
7222
6940
808
5176
7967
5906
3185
7964
3956
856
7959
4867
6514
6273
6514
7351
8016
5692
2432
2823
2604
124
1407
5392
1862
6103
4794
5563
1388
4396
3747
135
1717
4233
3618
5001
6770
2892
1837
2737
4962
5512
6297
6222
3621
7850
1071
1748
7155
348
3843
2013
1422
2729
7169
5231
6773
7266
5321
637
91
3777
5309
5040
5847
5453
2647
359
861
2813
705
2556
6509
2464
5023
841
4874
4220
5935
5738
3438
7734
3733
2245
7676
498
7792
5704
4982
1978
6577
242
6000
1060
3757
6549
1029
815
2673
1498
456
7791
1621
1925
509
7786
5076
2298
2314
2881
6810
4864
7464
4243
7391
4038
3422
6302
5620
7972
1200
679
1819
34
7572
6300
1692
5054
2469
2041
1301
7402
411
488
7442
469
4475
1708
221
4715
5387
63
6808
6175
6281
4154
4744
4840
4508
5366
4020
1929
1163
2545
1711
790
2477
1907
2738
6068
1825
1393
5357
5792
4798
1457
5663
2931
4173
2351
1637
7332
8182
5312
1871
5454
4345
2293
3129
7219
3231
4418
7385
7170
3439
3679
1556
213
5796
8175
3350
3838
8159
4448
6305
5891
2330
3602
1189
2791
2781
187
5138
6315
5812
522
5354
3605
7136
6794
2714
2480
1101
7114
4746
7444
7620
5307
5875
1127
866
1369
1009
5924
6985
5517
4825
5659
7317
4946
8140
6842
4498
7192
7564
2954
2604
5477
7055
6652
4774
6338
4690
3430
655
5845
2544
8009
6130
5579
3827
3285
4814
3833
2410
431
1221
4034
2620
8177
2328
443
699
2419
6355
7693
6780
3657
3909
4123
5991
1164
4787
2917
3082
3422
5454
6316
50
2856
609
7768
1981
3366
3023
2070
7082
5158
3005
4549
2418
5260
3724
6547
3227
6554
6410
7523
1674
3566
7913
1907
2201
3404
7536
3643
1129
926
3696
2968
5754
7481
1914
3881
7928
3170
6479
4089
7384
2065
920
351
7972
2037
4311
3875
147
439
3742
1250
349
2947
5631
1204
4941
1989
6211
4363
3096
7728
990
3551
4589
1541
5539
7432
5709
1426
2613
6635
4893
2809
958
6232
7674
562
6115
2739
1484
3155
6647
4946
3742
7183
5486
1319
8109
7037
3221
6047
6078
7963
3969
4553
7093
2579
8005
4283
4964
1981
4457
3378
2209
7780
1943
1144
7323
8013
3990
2187
1902
6133
8061
7035
5620
2203
544
6676
6622
1022
1999
6589
4
7272
3904
7584
250
491
6857
1803
8164
5611
1490
1302
2955
6109
3723
1927
5552
3917
2010
6386
5280
5926
1944
1061
776
3630
1276
2243
4619
4304
6999
814
402
30
1282
2986
4835
6678
661
4288
2422
1828
602
4321
3587
233
7170
5964
2016
5691
5270
50
138
4205
7856
2071
1410
7632
2794
2683
7258
1401
7319
5050
7439
2117
5809
2609
1689
4891
5395
4770
449
1649
1512
5081
1587
5906
5988
7568
5588
3102
3506
5777
597
7762
5421
5658
4361
7305
1234
3205
4339
6531
1269
7976
5924
1766
3636
7035
5444
386
5290
1400
7790
4825
4965
1352
3649
3039
3097
6171
1587
7422
3861
2136
5417
3933
8055
4342
7493
866
1948
4137
3071
6262
4571
3394
6264
520
6515
5584
7178
3540
1985
5644
6436
8037
4535
4212
1109
1240
2441
6325
934
2276
6313
5582
6189
1559
5622
3955
1503
8034
3121
2735
3494
472
1200
6606
3508
5043
2646
890
7190
5272
6338
1316
3980
4892
3015
5286
2712
7046
796
1318
7381
982
3669
4925
3722
6407
5394
7256
2687
4498
3959
1375
6671
2355
732
5269
1919
2543
5829
704
6798
1622
5652
1929
845
2310
4221
1317
1841
7536
4155
5941
1127
5599
6145
2283
8039
4790
7476
5743
3788
3832
4695
7553
6499
5646
5575
351
6786
1733
6312
1513
155
1943
4639
1539
6672
4139
4801
2363
1097
3103
3148
7340
4357
6916
405
4897
5613
4522
4802
4222
6767
158
6585
1116
6089
1010
2777
6132
8036
60
3559
4926
7012
4321
843
7514
7549
2964
2428
7214
4104
7449
5817
5969
7510
847
6906
551
324
2157
7718
4430
6415
908
3718
7993
1386
614
4986
1051
4814
93
6250
1287
7186
3775
1024
7765
6971
4680
3988
3399
7317
6632
4840
7405
2051
4807
6166
6725
5267
7559
3014
5031
6741
2249
7588
1888
5742
5362
1298
1438
5480
1327
7705
2444
6092
438
4774
3517
1267
3919
1011
8142
25
19
2115
5959
5043
372
4306
5059
1794
2942
3084
1617
4585
5469
6141
2585
764
4894
6409
4163
3033
186
2269
788
1979
7760
4517
1114
4172
434
2431
2827
5307
291
560
1065
1807
7007
279
6888
5051
220
4959
3091
6002
592
4728
2220
1852
2163
3271
3027
7882
6406
1692
2024
2310
3348
1893
3828
5871
7288
1826
6725
6308
671
4121
5465
3262
143
2251
4094
6627
40
6694
7094
1689
7338
1532
6240
855
5240
436
5141
6882
2076
2368
593
7383
2698
7759
3667
5763
1705
1987
3270
3579
7695
1381
4256
4969
1292
3031
1867
7333
8171
7371
3
7941
1396
3955
639
7029
2742
7480
6355
4298
7171
1711
4245
2131
1851
1225
5950
4273
6990
6730
5588
6889
252
6524
4038
3512
4319
4644
2328
807
2732
7093
6079
1118
4534
4036
1103
6077
4787
2236
7635
5417
5827
6355
1276
5284
1966
3388
4735
2849
2413
4510
7352
2454
3309
1990
147
4690
15
1945
4524
6289
7923
6988
5557
7758
2678
3031
3865
1112
2041
4518
6878
168
3685
7570
1488
3826
1131
3601
7388
3962
5137
1193
7354
2089
5994
4011
1231
7136
676
7197
4433
3084
3913
1016
172
6267
3262
3220
2084
4462
6672
2400
7100
4079
3311
5846
3415
2148
2555
430
1822
2917
4671
3666
1313
2251
2555
5267
4673
2313
7335
922
3149
4288
564
545
4971
653
2453
7907
2234
4902
3198
1360
53
933
4204
2694
2523
5667
6373
1661
5645
4233
3841
3457
6455
419
553
7654
4786
7286
1567
5623
6889
7636
4670
1583
7355
4141
1540
5036
7713
424
5837
7904
7185
114
2785
650
7586
4438
1457
7908
624
5263
2398
1310
4162
3290
4475
5900
1002
7375
2836
3868
2413
3696
3567
1162
8036
6403
6929
8151
2466
6429
1156
4983
5911
3840
600
3274
7924
5926
6376
4429
6416
4382
5215
7186
5515
2199
7546
3949
6065
5307
2959
3825
6177
446
6094
5530
4654
6326
5575
7244
133
6573
5420
1148
3344
7156
4312
6957
6171
2235
3857
2079
6838
991
5898
7491
2138
5891
8108
6769
5071
4834
7062
6493
6988
6883
1635
5576
8161
3823
5931
1523
3090
1919
7244
5977
3525
6137
1130
925
1886
2876
6324
4546
7208
3705
3177
6042
7159
7750
1435
3969
4619
2541
820
5707
6968
266
1078
1402
1860
8021
5191
7604
2449
2748
364
5493
7419
6069
7957
2
7940
2002
6746
158
1583
5781
900
7679
6057
2183
4303
2563
46
4228
7790
4512
5163
8025
4048
2329
6944
4497
5666
2168
2633
3979
21
3128
4733
5072
5857
3650
1366
2980
3210
2843
5522
1499
8033
1883
5817
1006
5839
2401
0
334
7502
6981
5742
1272
7096
2318
573
4426
6596
3877
4995
1557
1997
3338
6674
2291
5590
4166
5276
2011
7116
2977
6939
2546
5898
3732
2159
676
291
4353
1865
6900
987
1826
1609
1296
3702
4544
5987
3625
4150
7845
7815
641
7199
3411
4993
6086
6653
3062
6942
4510
2216
152
7056
5251
5511
4756
4115
6865
3411
2125
8145
29
2589
3359
7171
5833
659
5014
2394
7125
7807
2014
6301
7416
5264
1659
4755
1264
5469
2874
6947
534
1959
3176
4026
6965
6622
5697
1261
1692
3303
6827
1888
6002
7197
2341
998
5450
1686
762
6889
4599
7591
8122
781
4514
7338
5610
7952
6426
3582
7163
2805
5738
336
5497
1121
6065
5913
133
4677
1070
1384
6021
4029
2971
6626
6938
7736
8124
7431
6227
730
3127
6839
7968
4894
166
5108
7433
5312
235
7657
4127
5338
4035
4651
1587
6733
1951
5184
7239
5986
5551
4190
4674
7857
2879
6004
1768
8002
6470
7279
4104
3059
2620
5814
759
4633
3629
3574
318
874
3340
4901
7568
5915
4937
2753
3327
1605
3237
3161
6255
1933
326
6991
586
3588
2310
7388
5237
3916
2321
3924
2691
5373
4015
1708
3113
7494
606
4665
3058
3800
4644
4026
7732
1023
2595
3993
7235
4370
3182
3694
2020
2574
4379
1989
773
2942
7066
1569
4011
2718
6725
5185
3115
4287
1079
5025
8093
1517
2402
7236
2702
3792
2268
2481
4085
464
378
6460
2664
6012
4256
7558
400
6701
4951
2887
5083
6374
7584
843
2160
383
7177
7611
7528
1539
4989
6814
1595
4438
4960
7071
3704
3867
3548
2833
5306
2772
2677
5168
4567
2635
1764
4266
90
1842
6690
3934
6196
3078
3523
6243
4782
6201
389
4684
2722
3983
3369
3242
3307
6345
5249
5075
3354
3969
459
4578
4714
3413
6717
255
4343
3655
225
4833
810
5220
7075
4496
6008
3748
3753
7536
1612
1810
482
3195
1089
7212
1250
3790
1173
2445
1261
7271
8155
969
2385
4141
4847
2969
2553
5168
2607
7224
5184
819
3304
6412
4611
872
7439
7817
1786
7802
7986
6739
6216
6864
7853
3746
4688
6673
545
1259
203
227
1058
5053
3351
3065
1072
7145
5842
5708
1001
229
6824
5288
1148
114
7017
2667
6241
3453
351
7050
7496
4675
990
8148
4687
7609
4380
7035
7799
43
2115
208
7001
6947
6597
8014
6165
2188
496
986
2188
7447
4546
3657
5327
2526
6654
35
7382
328
3199
2214
1142
812
1997
4622
7053
5177
238
5140
5760
1173
8063
4021
2791
2500
3
6196
1158
4044
4218
3426
1664
1430
6966
2845
3271
2200
5098
4631
471
5041
6916
3545
7332
5460
2876
7175
6864
4329
1389
6373
2850
3952
3748
5402
7220
872
5239
6324
875
1007
2969
5997
4140
810
7339
6700
8013
999
4948
463
714
4737
915
1832
4538
1284
6484
7237
5249
1682
1602
4853
326
4614
477
3207
7336
8150
4044
5845
4780
2878
116
6786
7162
4763
8137
7807
842
5909
1636
1236
7961
8064
215
1181
5024
644
317
1362
4358
7164
3861
8012
469
4509
2384
1413
7595
2776
3752
7328
5170
1
52
809
1105
1200
4665
3869
5028
4456
8004
1197
6698
4214
4469
2623
5694
4636
5662
7606
7369
3055
3981
3827
6581
1918
6437
923
5285
1076
4532
2075
3555
4224
0
4586
1945
7730
1443
5902
3909
5673
5145
7906
7015
3883
6168
4118
4476
3092
3871
8183
2096
1331
6994
1777
6608
241
2437
7762
6910
8115
7575
2896
2472
7938
6401
6990
2107
6122
4014
5467
6419
7327
7950
1276
3639
6503
7014
555
323
7347
1898
6815
1957
2703
2573
78
5900
7997
5784
305
3614
1309
6905
3143
5482
465
2142
2012
3229
7837
2563
7435
6136
4116
7752
7298
513
241
1543
133
1401
1091
7716
4150
5007
4813
5990
2067
2643
6060
133
3008
3949
4154
5764
1287
783
819
3904
5149
7976
4886
4682
5414
5851
4046
5106
7932
2607
2962
1700
7980
520
5898
5752
5954
2134
2227
772
8007
4236
4996
2933
4487
1108
4306
222
920
2176
369
4815
4247
3652
2588
2602
6325
1187
3862
1586
6642
7720
4882
4069
1577
7894
7505
6028
6733
1633
2826
4240
6898
2719
4110
8079
6671
5689
2732
3759
2562
8102
3794
7218
468
3162
3190
5963
5823
5178
5428
7984
3821
6484
1337
6257
4483
1997
4959
3208
6110
4634
3225
1969
1052
7539
7826
2300
223
4741
5521
6304
3661
1640
4512
6290
92
4048
5869
854
4684
7303
7536
3350
4981
6939
974
6897
4418
3284
2430
1173
638
5096
5162
5136
6094
4594
1112
6115
5503
2721
7497
7000
6786
7853
1057
6422
6325
4880
6729
7155
613
6258
5906
521
4368
1765
1179
5644
2415
466
1012
4827
179
6195
7299
1364
1808
5379
6823
109
7032
5107
412
6016
3241
3679
5279
4839
2921
5248
6994
4809
4624
1763
1377
5171
1352
1050
4454
3179
4625
7857
6922
3713
3336
3940
5229
3878
5864
6030
3785
6849
2641
2021
5714
4544
5832
8037
1376
7980
3328
5770
4815
7553
87
2754
8102
7612
420
7714
2040
1205
5936
8024
6920
4783
5634
3553
7856
2350
96
3708
516
777
3474
990
818
4799
7913
8103
3245
6926
1536
8085
3466
5570
66
2807
4394
7372
2988
1125
6681
2451
6356
943
1078
7823
7723
3091
4628
3859
4223
4787
2465
6506
1220
2374
1029
1830
7955
269
5325
1973
4851
6664
3145
6453
6360
4715
6450
5001
7401
2636
3472
2477
2822
3998
2779
5446
7178
1634
6497
126
2125
284
3815
526
878
7556
2195
8092
1359
6527
7178
2632
1120
5197
981
2434
1313
4100
2825
2078
738
1853
7207
6058
5581
2829
5953
7679
6695
7479
4958
278
7379
6815
3872
1309
4376
2562
5284
4298
5028
741
5290
3056
7888
203
7414
3152
5157
5803
3574
1201
7967
5793
5028
2611
5426
484
1454
992
5899
5368
4820
6276
5912
1061
7058
3774
2378
7207
0
4952
26
6951
1270
6612
6858
5610
5235
2887
2285
7497
7488
5995
1833
6113
5584
7151
6460
1035
1643
5649
1341
5647
7820
4719
5156
1684
6535
3866
7053
1371
5742
1005
5305
1069
1846
1309
1238
3602
6934
5136
6784
7876
2096
4723
1159
3683
6259
2951
1523
1386
7616
1979
2885
3298
4427
7808
1280
3798
581
6745
2920
6918
6072
817
3978
991
2482
754
7548
1963
5541
6227
5094
6662
4622
3058
5313
401
1365
7074
4959
7658
1012
4102
940
2523
6620
4191
3763
3537
788
2210
4196
5776
6052
5582
660
1062
3761
3196
6469
1309
7401
3511
5160
4597
4642
7695
2400
7378
6717
4841
3465
2417
1361
2585
7417
352
6918
8115
2629
6255
7486
5661
5639
5474
7675
1129
5087
4840
3197
7906
184
3281
7594
3557
3661
3451
5043
1779
2027
3981
2293
7171
5240
2024
541
5405
6580
3035
2960
2084
1215
1942
1546
756
7132
6370
1668
7085
7540
527
3420
6989
4190
2349
6320
5765
2397
6015
5642
2245
2538
3372
5955
1434
7220
7480
3745
5177
4198
1459
5699
2396
7976
6192
1727
4940
5480
1657
265
3135
3418
1921
3991
1765
6333
2202
706
2366
97
7912
3184
2478
7398
3350
7920
595
3270
4423
4901
3734
2966
3920
6631
1792
3720
2852
7334
3920
2613
1935
4432
2762
1433
7464
1397
2769
7775
7553
1194
3000
607
5792
7723
5078
614
2739
3524
2264
565
4095
3057
3931
2508
3354
2372
2235
7144
1370
6407
805
5578
2445
3875
4084
7226
234
5440
5178
6604
7752
6958
1948
4706
5518
1667
5476
4082
1387
1414
5073
3209
2375
2380
1457
7568
1913
2849
6706
1103
4026
298
7926
1967
7641
1608
6245
6980
5297
6462
5191
6026
1369
5911
2706
1903
5786
5314
128
3858
166
7168
485
4043
4358
3968
1216
3435
2773
6727
2832
6341
5932
3670
5865
877
6621
5767
1222
191
7780
8121
33
6179
4378
7468
1601
3216
6316
3118
2900
7503
972
6904
5565
1026
7974
5843
943
5092
1942
1407
3835
7762
3224
3540
806
139
5888
5034
6591
7860
2027
2807
4335
4127
1013
1591
4178
204
7852
1041
4101
3120
6725
55
5633
5430
3982
2958
7591
8068
4644
3983
7579
3583
1254
237
8150
2705
4777
1399
8183
6954
7982
4417
986
2052
1105
7934
620
5932
3970
1969
3262
318
4985
7557
3416
879
550
3576
4559
4817
743
3903
4762
5331
6398
7398
3361
263
3650
1976
1047
4137
5652
7390
6666
7260
7317
2123
6712
5814
5655
5719
933
5631
721
6313
2666
694
6870
4699
848
1109
5704
3929
3485
5079
1480
2826
3886
6006
3890
2611
5830
3001
647
3096
6310
7598
6955
5860
6494
6772
337
842
6882
6141
8115
2925
8160
6930
390
253
6481
7832
3245
3747
4687
17
3117
2208
3622
5478
7905
4273
3245
4067
7791
4405
2263
4227
4730
5009
1413
4462
1049
5588
7326
2240
1416
919
1122
2188
542
5672
7931
33
2687
8167
2133
651
4371
1775
5680
5725
2743
4857
7796
4782
1970
4734
6084
3426
6378
6940
2133
7851
5464
2363
5889
7630
5049
752
4759
6955
3206
546
886
7032
6183
2539
7002
6221
7524
2880
6005
2533
1052
7381
2242
7715
57
2619
5782
211
2275
7755
3960
6451
4084
3272
7218
177
3500
8000
2344
5879
5287
2355
6633
5925
523
1912
6916
4701
7686
3803
1565
4997
120
3595
3135
4168
3564
1716
6772
2910
205
488
3219
3086
4823
963
602
3825
6859
591
2748
5112
4711
933
6524
3504
6293
1877
6907
5573
995
7944
6735
2758
6451
6756
3476
6951
6835
2608
7303
396
784
7865
5457
5701
231
1396
928
6676
1661
2532
7676
7735
431
7614
7513
3490
4140
3148
4840
7053
993
7439
4147
6958
2997
2472
5481
1224
5239
2809
6646
3044
5652
391
855
2782
270
7458
7725
1956
41
1993
3472
5563
616
6088
1189
6531
311
3363
7795
4283
5866
7735
2034
1095
6502
6047
4197
1841
3358
4949
5098
1775
1090
2841
5200
4324
7730
2583
5160
4393
6969
452
2079
3724
6264
1545
4747
2009
2080
5283
7491
5721
6629
3018
1460
6553
1967
5136
3889
4204
6802
397
3979
819
7168
4153
2530
860
1853
8089
3002
1065
3860
4510
81
4275
3017
4298
3633
814
1358
404
4865
366
3513
782
4512
682
8182
709
1653
641
5817
2024
5632
1338
4023
6573
2485
4432
3862
1265
3851
558
5922
1311
3280
6199
2113
5202
703
2569
7465
1726
1876
6915
5968
5452
6111
6917
4004
7044
3800
4982
8061
3248
5234
1420
5584
1086
7538
7623
3237
5479
3138
191
4811
7694
2113
5408
7626
235
8030
3827
6169
2792
1509
31
8081
1995
2200
4655
2082
2582
1282
3413
5829
2603
7176
4271
2225
180
4801
8138
6866
66
5512
2405
1399
4660
4431
2935
75
6875
5942
6259
646
2268
7772
458
4964
5077
6132
2993
7895
3651
2460
3622
632
3747
491
1837
1732
5079
6985
608
6277
2252
260
6566
5774
2906
2720
4931
1963
6763
366
273
3288
3936
1120
1292
945
1712
7707
7956
3370
7122
334
2031
3200
7262
8002
7566
4720
5743
3251
1169
2214
1611
2271
781
4472
1862
6876
6284
4052
3043
6446
5973
2935
317
3993
750
1376
421
5940
6112
4229
6797
5311
186
708
2469
4406
7256
4636
5443
166
6501
4637
1032
2880
2847
1437
6081
3244
7002
6317
3979
7584
7624
5836
5435
7088
2167
4442
6652
872
5531
2639
1594
4248
4750
5932
191
6383
21
4146
4380
5323
2021
8146
331
2640
2918
1638
658
3768
4022
1566
6570
4585
2801
2877
5665
2125
5808
1157
6397
1758
3023
8175
3746
1408
2932
8096
8182
7060
6476
6937
7874
2762
2840
174
4444
3126
4457
2873
387
5031
7591
15
4746
7476
2392
2355
697
6423
671
8138
7152
2495
515
6863
6029
2080
3442
5640
6544
590
3206
1337
1789
2122
4615
1943
7042
6939
7856
3967
602
4641
310
4712
5745
2727
6022
5399
3529
5559
5454
2066
5148
6194
5056
2134
6339
4384
3731
6220
5078
6724
4682
1274
1685
5875
8120
2934
6918
1319
2244
4769
1760
1232
2666
3345
5544
2410
2050
5967
7706
2516
3013
1603
1738
608
4237
6636
7691
7463
6364
2133
2320
5279
5920
5316
3665
1135
2869
1844
7984
7297
6444
6149
1245
2649
7499
1011
5239
3238
340
7237
3700
1303
5899
1862
3394
7280
7154
1273
1838
3293
2647
3081
1926
1670
7056
4863
762
611
8070
6583
2888
5970
3440
1813
1561
1383
4577
3828
2853
2947
7685
5215
3486
6952
7207
7172
5324
7819
3447
741
2037
1259
5387
3409
4479
2338
5155
531
7512
1658
7089
1513
5782
4033
5913
2872
2139
7328
5173
2557
1532
296
3228
5127
7778
942
5156
6500
7856
1241
4261
4377
2085
3577
7936
6678
7493
6554
2400
2152
2611
2650
4800
4785
3170
1015
7086
5077
7532
6828
1102
5367
1346
3262
4001
5028
6022
6738
3079
6221
53
3969
1283
4347
905
5294
575
1086
5406
6423
6096
4198
2643
2987
3002
2806
3059
5660
5303
5206
2837
3636
5684
5064
7488
4460
7581
3997
979
7867
1242
5545
676
684
7706
2036
2536
2483
3279
434
5971
3265
4089
2166
4736
3094
424
7586
2194
3159
4028
1058
2844
2528
4592
3674
5694
5723
279
2140
529
5265
5029
4703
837
1665
880
8045
7945
431
184
3163
5675
7615
5733
766
2945
4418
913
7580
2439
4304
3654
7841
2889
1111
5001
4243
3204
1714
6295
584
1288
894
366
4951
4960
1833
4239
1228
6837
5451
5123
544
6128
6458
924
5736
4639
1241
5245
460
2586
4528
1500
827
3430
6210
2823
2653
4185
4506
5797
1481
4991
5928
2879
377
6205
5323
5375
2426
2228
303
4279
1256
5864
4185
1060
7450
5922
5248
2933
1306
6547
287
7
5464
1849
1096
7283
3999
1543
2619
458
8007
2112
7991
543
2477
2852
912
5190
736
2254
1538
5340
6813
349
6213
6279
5502
8018
4577
4991
1646
6969
5444
6734
7264
652
2834
8148
6209
1492
1980
5261
7978
4625
3924
2839
7387
6492
2976
1518
2661
3787
2157
4731
3366
6549
2597
5453
506
886
4772
2982
2224
1621
2120
1593
955
7461
4935
306
42
7177
1350
7543
6619
5051
7975
7981
4075
1070
2338
5503
7536
626
4375
3994
2667
5593
802
764
2296
4184
4209
1775
4808
1583
6226
2384
6865
2252
1936
149
1860
2285
512
7951
1984
1030
2647
2923
7109
226
7230
639
7531
8076
3241
1604
1108
112
1124
7710
5343
1726
2286
3172
3998
6671
1931
7452
5387
2891
5781
4614
4470
202
275
4061
1346
3513
4237
4313
7505
6336
2334
120
4029
5601
3018
1150
4297
6052
4882
5946
5143
7025
7622
5900
3611
5437
7195
3876
2511
7785
4861
7564
1704
3046
2470
6761
4809
3998
5488
1150
5496
2319
6119
5873
7630
2361
803
3154
2482
3515
6229
4825
6408
5945
5279
5615
293
7936
41
240
5254
4077
4977
7984
4802
1675
1762
7484
5310
7291
169
3938
2336
793
5316
371
5382
4444
2907
5063
3319
2302
340
2434
6682
5853
5922
3094
8101
4770
477
2057
5273
416
4760
1785
1453
255
2031
2781
4999
6937
7647
3725
306
3108
4059
3973
1741
6674
283
1253
7296
949
7992
1981
4533
2855
4854
4232
1156
8041
4960
3574
3438
2378
3867
6383
4943
8074
8180
2516
7054
1600
7355
4872
2711
7545
7508
1199
2187
802
1291
7605
7733
3112
1832
3602
7745
6365
6595
3661
3752
2206
2778
4159
1647
4275
2977
3354
5009
6774
1561
5290
7482
3255
4324
474
5685
1120
5464
6265
5032
85
7122
4158
7167
1182
4685
4362
550
6344
307
1134
251
1416
626
109
2819
5538
3795
3971
603
7689
5512
6630
3314
4424
4611
5131
6390
544
5135
5740
1420
6515
3609
649
964
865
7630
6444
972
6064
748
1522
612
369
6225
1031
2705
2528
857
49
8086
2701
3430
7184
800
2745
7104
5796
3009
3075
6560
7695
8095
2628
2183
3740
1902
4791
2772
769
3483
5725
7318
6625
7626
7071
3743
5269
6275
4918
6106
4908
3880
5192
4318
4528
7211
979
3522
2731
2941
2895
2611
746
1866
655
7109
641
7395
4329
7815
7952
3580
2454
4058
6980
535
1883
2947
8096
3136
2921
7934
4221
6395
899
1813
1359
6267
7006
2994
1323
6420
7501
3570
3206
1523
1566
7290
64
7693
4158
526
4577
5973
6692
608
6434
562
3053
6437
1711
304
68
3950
5163
2294
5253
6966
5492
7288
1058
7479
3881
6509
4933
4355
5738
2308
3255
847
7647
2258
5888
658
5116
15
1232
7631
5763
5379
1181
1454
8010
5819
5006
978
3646
3840
6040
7271
5288
4234
1255
3578
1455
5488
4735
910
4126
483
547
3308
1384
7964
8053
4410
4586
659
6752
4047
2671
5490
179
838
4857
4169
6926
6865
703
7939
4354
7632
2418
281
6260
3491
6596
6661
5186
6588
7467
1530
1578
6648
5346
1746
6119
815
3122
7496
8092
2570
8175
615
886
2068
8005
5442
141
5908
2485
4326
6412
5787
3674
7821
3474
4057
4209
6164
1496
2996
5400
3759
3219
3868
7766
2524
668
4504
5980
4757
3406
549
5642
7882
1071
3649
5557
4366
467
8003
3880
145
7166
493
4584
7502
1801
3140
701
1157
2183
5535
877
6508
7464
5375
1995
5666
5597
6558
7152
2276
4156
4555
8137
4483
3623
5108
7122
4885
4264
7685
4896
3563
6688
7921
5797
5572
7073
7821
7600
6208
4504
6053
1971
1944
5039
6218
2889
7563
7153
7273
5751
2716
2351
5794
1074
1402
163
6998
2850
3776
4820
514
2470
7390
1977
4300
4888
1111
5665
1628
594
4142
2643
5613
5489
7834
8177
2468
5849
5633
4898
7968
6009
1572
3311
4690
7760
2456
3822
2703
4399
7029
542
7651
6849
5458
3347
7849
4554
2416
5459
1880
1452
3381
4095
6304
5167
2012
1462
7606
3201
6508
3510
2796
892
3558
1092
2692
7464
4291
79
3014
3969
5277
3152
2128
634
813
1652
5038
4417
2421
3069
2346
4293
5182
5093
3045
8054
4293
7365
3367
587
1458
4598
3316
4874
6217
3062
2272
964
4580
4109
3364
7070
6561
4912
7152
4312
5720
1061
7939
1031
3280
232
6010
165
3634
6990
8165
1740
2749
4328
5280
575
7356
6698
5729
4778
8117
5324
6925
2347
2020
3441
208
7952
3559
3207
5996
2531
699
2670
5073
4260
8167
3804
495
1621
2039
8064
2248
3516
2860
485
5321
2660
1138
5274
7258
741
658
912
4788
6245
4521
7107
7410
5983
6361
540
7531
1443
62
4502
2368
4510
4900
1185
7217
1756
4727
3524
7861
3019
2938
901
4681
3266
1724
909
6152
6209
841
4360
1404
4219
4637
4683
7092
5649
1502
4537
5270
4129
2762
1511
6775
5503
6894
1278
7657
6978
664
1889
7636
3203
2320
7568
5577
3937
4483
7501
1682
6984
2112
2557
3342
1140
4135
7248
6972
176
1117
3364
1941
2404
581
1959
1695
7886
4012
1724
703
4240
4420
417
1614
3947
1364
3022
3056
3146
5805
3104
2337
2178
7136
3894
1809
7000
5806
6428
7602
4292
1984
6694
1295
1396
2713
2847
4319
1044
3528
5283
2650
1997
7010
1482
7243
2059
1455
7687
1383
4484
3108
3663
1245
4214
3217
5501
5422
4143
5276
7157
2367
5075
1902
4743
8109
3162
2988
6295
96
4056
5545
3451
6243
5633
474
4389
2034
7660
5002
6146
5845
279
3022
5665
749
6060
3260
1432
7437
4610
7384
3108
2059
2919
7887
1039
3606
6685
4456
3159
73
162
2999
1036
5249
1076
2452
5370
5484
3221
7243
4488
6371
4364
5013
2528
4218
5804
4807
7248
2133
984
1610
1264
2109
3335
3403
4230
2802
7877
2995
5798
8131
2299
6234
7966
2653
3951
7031
5777
5345
910
4444
5729
2105
2922
1376
978
7851
6655
6428
2669
1198
7354
3034
5539
7165
572
5706
3507
5355
7771
3703
7118
4598
3945
2042
6520
2462
2233
1133
3889
6776
1632
2083
1621
1406
3641
1814
4673
681
556
7713
5303
962
1967
3184
388
6517
2188
308
1375
3751
4325
4507
5141
3593
3702
2815
483
1517
5403
5470
3107
7769
3218
6666
5420
5466
2945
673
6003
5531
955
1088
5110
6966
959
2804
8154
6858
4482
6513
5458
7886
622
4359
3012
3877
5290
5585
6951
5874
3484
816
3760
7341
428
1143
2733
119
2379
1512
2481
5290
1844
4576
5361
1205
1010
3662
7150
7719
675
3689
3924
4105
4859
3235
802
5233
1164
216
7180
6228
8004
1740
3102
5532
1335
2260
673
4986
414
723
4930
254
2336
4456
6257
7653
3921
358
5384
1458
5497
4997
6445
4352
5782
2135
3705
278
5284
2173
3930
2492
2843
7450
3509
3405
2746
3208
3280
7950
643
3914
4720
8126
6663
4418
4926
2158
227
4900
7791
6035
6027
43
3236
5210
5446
3083
5647
7227
3962
3366
5080
3793
1578
1794
4287
3049
6589
6395
3330
6105
3585
1333
6529
6675
7791
981
3616
2553
1969
5745
8045
7667
2657
4036
6019
4287
2836
935
5678
4361
5015
4925
7247
3900
6520
2413
1666
7575
3528
7061
6911
5763
6688
636
3774
7460
3810
8073
1503
3118
1729
563
4936
1786
900
441
7056
217
2054
7955
7964
3752
4994
808
3975
5796
525
3393
5191
4736
5732
1470
654
6069
4328
2312
3183
6682
6119
7878
2882
7348
5405
4436
2377
1231
3195
6512
3732
845
4135
4663
5409
2111
5571
2385
2120
5298
4338
8040
4950
7883
5912
3294
889
7191
4194
7871
220
1564
6663
8180
786
3380
7629
698
1208
3483
718
7763
6742
6854
7036
5371
4231
5366
5347
5662
5466
7438
2862
4296
4343
6817
1901
2653
4486
2128
2709
3466
3660
6739
2504
1403
1559
4949
8151
6479
7389
7045
6150
7113
7328
3562
5647
840
7572
4086
8041
7673
6532
1887
2505
5707
3698
554
4842
7075
5246
1289
1418
850
2825
5094
4021
5572
281
2240
3653
7161
7423
3254
4522
313
1848
1889
8167
7428
7314
6247
6109
6473
2959
3917
6604
2264
270
5517
6423
536
2088
7913
6983
4605
345
5118
2131
6965
5344
2844
4127
5538
1128
853
2370
525
8167
5588
3340
1561
455
4465
5320
1141
5700
5250
7230
1366
4629
6387
3452
805
7246
1689
6614
3956
3973
8131
1068
1079
5683
7186
107
5425
1630
1419
3158
5548
117
3051
1415
1645
5500
570
176
8167
6248
6819
1575
3247
7885
5251
6050
2096
5302
4288
831
5536
2004
92
1991
819
3548
330
3635
3470
2602
7552
7279
6014
5802
77
1375
2538
5112
5613
6688
4102
1222
2395
144
970
6271
5222
4880
7843
2345
5639
3464
616
4240
754
2988
3727
6305
1131
7294
5537
2836
6491
3860
1771
1102
3491
7324
119
3461
7088
5021
7482
549
3151
2176
5007
1138
2243
3918
6116
1391
4886
699
6067
1023
6316
7268
181
1867
4894
597
2130
6243
2885
3534
1883
7976
4756
3911
7675
1641
1707
5041
5099
2892
4906
3839
2278
7152
1475
4069
2397
2384
2196
223
7019
4203
5811
6774
6155
7842
7946
2751
1161
5473
2405
5668
54
4353
4553
5478
6752
5869
3592
5347
1153
3844
4498
6421
5303
3135
910
3164
3188
2196
6953
6653
6007
6170
5678
6762
5883
5997
7640
5316
3374
6484
3556
6558
7396
6049
4585
6916
4493
2905
3308
1467
868
4117
7983
8139
3050
5800
7755
4155
7827
2818
4990
5148
6591
4437
5190
1225
1003
7798
2351
4972
2345
3973
5865
7620
3277
1232
7581
38
874
1013
641
2242
2301
1351
6059
4136
1895
4211
5667
6923
289
3172
7739
2372
5163
1635
4643
5657
2373
5251
7864
3520
866
5948
1693
7199
858
7766
909
6358
5087
5384
4591
5247
4530
6498
6827
2868
1046
744
3901
82
6534
7296
3080
1917
7331
5518
5356
7909
5488
3677
26
7879
2753
961
807
566
6129
7674
5728
3355
2772
1756
606
4987
7660
2861
3034
1528
736
2895
4546
1947
4393
7966
4491
4304
3343
4380
1482
946
6868
5324
4862
5513
4655
7259
5808
4497
1532
4485
3263
6398
5169
5559
7925
1084
4628
3441
4829
2427
2219
6895
2521
3179
5492
3080
1903
6980
855
8022
4580
7434
4057
1175
268
5391
4242
7251
3936
8121
3297
6848
337
3205
8158
4578
5852
6476
5776
1782
7007
4806
7777
5905
1963
7756
6094
3845
2650
4322
355
6788
2659
6004
3815
3720
6123
5216
212
4849
8030
5685
4106
3952
4799
3002
451
8101
7484
6451
6090
4740
5382
4831
4328
6397
8031
197
3487
2012
6901
4017
3355
4334
1134
4985
5734
5989
2372
7812
475
893
7379
4749
5853
6496
944
3749
4553
5959
2365
7799
1576
7907
4986
3792
4394
3579
2334
2911
4176
2646
7655
2489
4200
1243
6446
1439
2238
6135
2750
4740
5777
1343
486
1610
3268
5719
6861
333
3030
1298
5638
6050
5652
3802
3684
8097
5133
5971
272
2464
7495
7739
7128
1282
6448
3221
1482
5745
3159
7430
5634
871
1500
895
3264
5875
294
6172
702
954
4051
2380
704
1852
8181
6451
364
4696
4731
2636
1884
6930
5613
8019
370
7061
6493
4706
2923
628
2970
1882
2231
6197
6822
7556
8072
7696
1898
1144
2602
2548
425
6206
4754
971
51
2228
3129
2047
2395
4143
43
4925
8106
7525
8026
7033
1749
5259
3897
6706
5357
3002
1158
3063
982
1687
103
2346
5882
5427
953
7172
2366
6704
3237
6105
5942
7206
4724
5533
6548
1604
5028
6568
999
7227
2619
1718
7042
1367
6747
562
6841
4847
3863
3508
5204
1536
6533
6600
2877
6165
1556
5617
4732
2922
7200
493
2405
1616
7108
1083
2064
7635
3568
2523
4106
5019
6843
4949
5450
2832
6650
4860
4967
6594
4625
116
776
5895
6409
1394
923
3814
3043
1987
3402
7219
4140
5264
7978
3580
5074
4320
7606
7204
7990
4958
5501
3918
3458
2909
5655
8188
7997
6425
6493
4344
6941
6975
2778
2292
4380
5552
892
3949
5069
5506
3471
4309
7153
5704
1260
3568
2630
3220
1902
6783
7071
6586
2470
3868
825
3286
976
4709
8013
5392
2821
7516
7138
2334
2738
7950
6117
2059
4680
883
123
5943
2869
406
5782
416
2836
5365
4807
7263
5664
1579
6995
5238
1519
1740
136
2504
2141
1169
4945
7017
2758
6069
2569
2328
1400
4254
1933
3594
7015
2240
6293
6378
547
6847
6980
1309
1544
1491
1277
6474
7860
113
6777
3866
1983
7720
3606
2108
4518
3273
6258
5293
7943
3274
7993
3638
532
2284
7739
3382
3650
4380
1730
6817
4673
7319
2338
841
3633
5970
7313
4188
6675
7833
6457
2350
4221
4342
6284
569
4498
5460
4056
7523
4658
7524
6427
8063
2926
1856
7704
7957
7743
591
6570
4198
8055
7016
857
4779
8183
5178
6443
670
1315
2539
7100
5691
1427
3839
4241
1480
7691
7292
7850
1555
4782
7755
6486
6139
4206
7906
3404
4401
711
5664
1014
576
4525
8056
4368
7627
7107
6994
7794
1302
205
8110
2602
7625
4200
7179
2766
5360
4345
5255
3601
4933
4835
6215
1427
1714
1021
5913
5630
1298
5955
6744
7246
3128
5323
1297
7536
818
1531
8035
5135
206
4602
4396
4267
7006
7780
4066
8171
1465
2114
958
2868
7554
2361
2080
1914
3757
7425
2863
1622
4158
6937
4287
7513
7764
6329
7289
6049
5479
1801
1845
1449
4814
400
939
8037
7812
239
5707
3215
555
1487
1129
1852
4433
4120
7837
3250
1779
5731
2666
4221
7231
4531
3869
1472
7326
4447
2552
4810
6898
2899
3472
745
3100
7289
4212
2691
2754
3441
3855
4450
2127
3976
1232
5968
3899
1512
136
1764
6796
3852
6163
2715
1693
631
7994
6186
7966
5798
1496
1555
3676
835
316
8055
4546
5019
1231
2603
6048
7506
3574
4878
2604
3925
1850
5273
3015
3345
1703
2999
2177
2531
2929
3799
222
6351
7902
6976
4571
1140
7263
3237
7724
831
1280
4858
7368
7136
515
6790
4263
3578
6856
6712
3530
4895
497
7230
3965
3067
7619
5332
985
3535
4046
7002
4236
1058
8144
6570
5341
6835
3543
1448
3306
945
4006
6427
6708
3630
7514
7099
5470
210
4429
5002
3378
3276
7995
3944
5861
3342
1699
8162
5020
1466
1136
4684
3886
6103
2009
527
7212
7497
3718
5187
4383
256
3060
4481
2832
1903
26
4594
6478
6976
333
4012
5739
4678
7521
4927
4744
7859
5649
3722
4818
139
7328
6612
2637
2904
4289
1816
4049
5152
1717
8095
5458
7060
6323
8148
1124
2186
1932
1365
1021
1709
3727
838
2941
7539
3754
4330
1773
4944
5331
1652
4228
4394
8102
7194
880
6668
2128
8044
3027
2846
4779
4836
6155
6101
2218
3006
3894
5735
1272
521
4341
4226
4316
1791
625
3133
6496
5522
3228
335
8114
4423
4026
3710
2250
1863
4127
859
4173
1460
58
4653
690
7481
3026
7723
675
229
2192
6638
7590
6201
4030
2597
5116
6015
1358
139
6089
4702
4126
790
1910
7340
1914
4977
1876
3459
6627
2733
7810
6295
4366
7476
6928
4550
5936
6910
356
3825
377
7
2781
7179
990
2304
6071
5487
4636
68
6191
7287
4602
5903
4327
6730
718
7914
7819
1269
7746
5994
7349
6846
5720
1050
5134
1972
5292
7862
5047
2443
7930
6554
6631
1447
1247
1657
4053
1399
6884
5458
7384
3332
1720
8096
5324
8138
189
5074
1465
1990
3782
5370
2223
4816
7200
713
6644
6699
4815
7611
7266
2139
6681
7055
3082
4406
7753
8186
1053
4158
1453
3484
7181
302
5857
819
8175
1747
5199
6415
2084
5149
4343
4806
5176
2934
620
6440
3338
2130
5151
4213
4653
1800
8160
7886
5775
7904
4002
5866
4184
621
3199
6922
21
6685
7932
3119
4886
3342
1165
6538
1300
3107
7772
1076
1304
4952
7494
2847
407
5458
3878
4941
8162
1339
4439
63
702
4812
3188
4273
1102
3243
7522
4996
1850
7416
3985
2300
778
5154
3198
1067
4051
5632
1149
173
5398
7453
5301
150
8165
2131
3692
1705
1095
1691
901
203
3550
5411
7238
5815
967
929
6751
4338
962
4840
3368
3074
6291
440
6955
3035
4008
7131
1250
922
4603
8045
1218
1397
1082
3196
4216
3826
4646
4817
8050
1368
2361
4620
6817
5731
1675
8183
6525
4412
7158
2324
4170
2984
4216
8056
5018
1920
8154
3036
5396
3169
7567
5362
7539
2468
7903
4341
2002
5265
4165
5508
550
5839
6677
6576
5900
287
6241
7764
1221
5707
2590
4261
1406
600
7043
6921
3285
4611
4018
6189
7834
7788
3482
7249
722
268
5148
2279
6914
1004
6508
7773
7338
537
6587
55
5391
3155
6419
8032
6717
1541
7298
7874
3405
3706
7802
1556
4580
2637
632
5875
7932
289
3044
6197
3303
915
7224
2938
1168
3437
7269
259
5125
6172
5491
7624
3122
4453
7271
1988
3055
2643
5481
3220
7230
4724
4646
5696
461
4933
3956
601
1987
8170
5684
3908
1977
3362
893
5077
4869
1403
7159
5408
319
3522
3716
3723
2046
3518
2598
40
8163
4382
2845
5954
6873
5295
847
1334
3994
5074
493
6276
7798
2606
7764
3110
4944
7586
2609
289
2281
1149
3817
5721
4449
7154
6712
4777
2042
710
7704
5427
4128
3148
2020
8181
1446
8083
4797
4254
595
5854
6445
7071
7325
4948
2570
7556
948
6393
1181
5765
7362
1757
4
1112
1393
8084
469
3658
8111
5605
2052
6030
2734
4550
2567
3029
3374
393
5431
6687
5374
2896
2170
4560
4032
4806
4895
5638
238
1809
6921
6954
6426
3330
3600
709
4730
6543
676
2453
5795
4228
2995
7137
4501
7029
973
1033
5624
3319
4999
1889
5797
1040
5917
1343
6504
1003
1883
3155
1796
5072
2493
6711
7288
6996
3029
6471
385
3789
3565
4275
2144
9
238
6867
6877
1856
7040
5562
6284
6214
2675
525
2639
6149
94
1046
3868
1579
2181
6932
1537
3872
256
725
6501
6715
26
4999
3984
2101
2296
5068
1134
5598
4987
4364
4239
5902
2918
4623
371
7647
2756
6091
1797
537
4996
122
6757
7406
3175
240
490
3304
1308
2092
5736
5663
1449
301
3502
4783
3340
1799
3667
1897
802
7989
4275
4297
457
3633
4404
7208
6465
6722
6094
307
5081
4245
6346
3996
7367
144
4809
1296
3671
355
3593
8040
2888
5600
228
7971
1906
652
7577
3604
941
2550
3407
7768
239
839
7255
5515
3764
7963
7090
6203
6307
3727
7123
2461
5998
155
1189
4991
2298
2467
3792
2686
5056
2376
569
633
6515
644
7623
1862
7394
6646
3181
3491
7969
3706
2917
4207
6115
8189
1465
3610
3371
6288
2312
6746
3620
3002
6023
6175
5452
19
6982
4042
5592
5902
7861
5529
6229
1815
3686
5222
2699
7134
2068
4242
1702
4338
6885
5948
5528
6801
7404
3510
4281
4287
6642
5433
1712
4245
8054
5847
1943
2012
2546
2994
7258
7898
5984
5484
3424
5228
765
6878
7278
85
3661
7437
5576
4054
7007
6233
7321
4223
7250
1528
5780
7492
7192
4515
6876
467
1146
6031
2081
2085
1372
7839
1548
1107
323
728
5598
4780
788
1045
5716
7172
287
3324
7885
5198
4443
1584
5550
1902
4851
2504
1542
2120
4354
2817
6254
5661
667
1583
4916
3095
3085
3322
1464
3874
1381
710
789
3582
2612
7539
4100
1938
5778
7751
2046
2948
5474
5928
7585
2310
984
4111
6741
8179
3641
185
303
2074
2530
4768
6422
730
4236
7977
548
2799
206
7711
6734
5771
2019
6240
5448
8104
6318
4822
2979
1693
5115
1449
1337
752
1544
5043
714
5740
7492
5685
2791
5747
7766
4296
7695
8085
6497
406
5657
1889
1159
457
5329
122
8108
2628
1510
1262
1404
4241
6148
6852
3503
4123
4413
1748
1163
5022
685
476
7083
4827
8030
975
6144
6288
6761
6512
277
1191
4190
6176
5527
7854
8166
1012
2324
3207
5543
7179
3843
353
3944
287
5893
6375
6774
2649
7786
4790
4422
7274
6903
533
7259
5847
742
1504
6762
2964
5679
7366
5053
5333
3334
2485
7381
7457
4005
7313
3155
3496
6987
4908
2073
5846
6277
1651
3500
1832
1708
6117
6620
1087
175
4938
5032
6707
7954
6305
7772
5417
6967
602
5884
6440
6109
7109
229
3112
4838
7115
1458
1644
1117
6108
3165
7442
3767
808
2982
6889
1113
3602
7097
7042
1627
6625
2827
7306
140
5305
6789
6486
1718
4555
1252
1216
5923
4552
5472
5426
1631
3995
4491
5888
6208
1367
6781
6395
2596
7534
2350
1859
4730
1061
2595
2140
6532
3396
7245
4228
3930
530
5934
8004
819
2944
7229
6982
8160
3237
6028
102
4505
362
5032
5131
6396
5511
1216
5048
3923
1966
3850
4574
22
3333
3171
5365
7089
2266
5430
3274
1926
3219
4254
4635
3894
5091
4047
1121
6940
4420
6322
6637
4123
7841
975
5686
7322
1618
4464
6770
5836
6222
6659
1123
4149
8092
7617
3956
618
3083
6029
3076
6424
1059
5919
258
7495
4955
1633
3002
1504
2189
7705
4590
4461
6310
3529
6697
3361
6562
6867
7760
3352
2488
6881
3194
6623
5841
3460
2561
5943
6719
6428
3290
2070
7340
3831
7969
5103
5712
6845
248
4403
8040
267
7314
6424
1251
4446
139
2201
5470
3891
5243
4798
6738
5740
7114
2077
4492
7926
6854
6049
6878
937
4594
3210
3605
4207
929
3509
3370
7081
6084
542
1725
3790
4609
7843
7358
597
3589
267
878
4310
5658
7238
3206
1388
2044
6646
4789
2397
7144
5423
6480
5373
503
4731
5190
1999
2474
6434
3154
3054
1990
4520
4980
2219
3682
3478
7585
2168
2878
7294
4538
5637
86
4665
1723
5288
2743
627
309
6146
2962
5482
1278
7904
1935
6642
3878
5471
4195
6333
3118
596
3237
3289
7797
1002
4573
1402
2291
8077
1247
5370
4649
2311
5207
4382
4952
1257
420
2203
2034
2605
3050
4568
4430
1817
4450
5878
671
3431
6901
782
2343
2466
1546
5305
1192
2515
156
6614
1052
5981
2959
6279
6821
2086
5956
2429
199
2807
3691
1910
5589
4902
792
6147
5545
1906
4633
4495
5784
6190
4232
669
934
162
6044
7761
1781
6062
708
4658
6276
5040
5111
2350
1302
1448
4677
8159
367
3994
5811
3596
7622
6708
6981
2419
3448
3505
92
1477
5882
4605
7234
5619
17
6682
2308
4776
2629
7874
1152
2582
5011
3150
5822
7414
3938
2006
4740
3274
3000
3994
1060
8038
5806
6816
665
7086
6177
7071
5842
929
5035
2844
3406
3991
1745
7379
1513
3782
6014
1112
5622
4363
1713
3326
4237
7656
7026
2296
2342
7369
6666
7102
1127
4747
7027
947
2875
6206
6414
1796
5156
3882
148
2003
5842
5649
1103
917
7668
948
7050
440
2894
2712
1862
5513
524
2570
3886
5974
2902
4193
2765
6351
2340
4739
2815
6322
2900
7339
6053
6568
6906
105
5533
106
4087
1002
2290
7463
1229
5753
1871
1066
7345
3654
3770
6584
4066
4966
5246
5431
4666
7196
105
8086
2050
7767
2104
4328
7435
6779
8016
4434
4602
868
3759
296
5092
1961
2337
3155
4635
29
4023
3318
1607
1948
6773
337
696
4
6475
6373
6906
2177
327
7384
6826
2318
6664
6044
7817
5944
8054
8140
975
6181
2992
2646
450
982
7494
2015
390
3497
3497
4451
2103
5666
3039
2076
1845
2538
3963
3238
1727
4632
6093
4448
7876
6576
2902
3093
4597
3177
2942
2780
7967
4788
4234
4156
7352
3833
456
6804
4792
36
7692
6842
1706
3424
2144
7651
3586
7970
3320
3779
6833
2410
4708
4597
5623
2886
2825
412
7544
1943
6866
3147
5779
6935
1315
6946
3055
5019
5903
826
2390
3222
458
1604
2503
5343
6497
1644
3014
436
2984
4484
8183
4862
884
1886
1515
3286
3083
8057
2874
2633
2265
4576
210
3416
5477
1872
6798
4163
387
5273
3339
7176
7626
1350
7607
2086
3144
6528
6442
1958
2421
6960
954
1884
358
3684
6217
363
1347
244
2402
2567
5371
7525
6277
6527
4406
1293
6078
6010
2444
5496
2428
2944
6900
7435
4769
5821
4735
743
4822
6914
2118
1553
5921
4877
1696
6095
6841
10
4505
5461
2585
4186
672
1184
7251
914
3200
6307
5799
4039
7058
161
3668
3081
1584
1754
7342
1069
364
617
6513
6608
3586
109
3925
5784
4492
2151
7906
5053
4085
8163
902
6856
6448
4443
3813
923
7978
6744
3696
5042
2045
1242
3897
680
4198
4090
5125
2045
4729
3022
4515
5654
1171
3213
1405
1669
1169
6387
6765
7051
831
6119
4050
6875
1043
348
5858
1441
1308
5749
6722
4547
821
1260
980
2151
3710
6580
5328
3509
781
1757
1046
5598
6624
185
5826
2909
1558
5693
1793
2685
4703
2217
3364
5659
4786
1644
7923
2477
7742
3393
6468
3203
1442
6047
1996
2637
6496
6480
7988
5342
5263
3935
7535
4911
8145
1848
1100
423
133
267
583
1945
2110
4465
7589
1551
6259
1618
5568
966
3704
4870
3743
6777
2988
1978
6857
2402
3573
6166
5979
4351
3177
5405
3673
7186
3150
7764
4930
6635
581
3622
3559
3561
5058
1415
1916
6207
3263
6872
3568
7156
7602
4106
378
1582
5564
5127
117
6831
3363
4941
1389
2464
5122
7132
2938
4749
6463
6227
3276
6322
7614
1622
3976
3189
2004
3122
5331
3635
2815
4548
7723
3647
6100
151
7422
3624
2104
3916
117
1851
7123
7231
5521
6729
6338
7015
3450
3243
1164
7038
7700
5762
2392
1634
4306
1603
7005
188
5071
7540
4761
3295
283
2736
3270
5363
4178
1265
2954
82
1652
3087
750
6194
6128
4739
3089
8069
4354
5233
4126
541
6207
8166
8059
7956
8047
4702
2371
4715
5786
3977
1783
497
5478
5454
4208
4454
3744
4369
3096
481
536
6705
3930
111
178
5589
855
2045
5818
2025
475
6776
4216
5475
7823
5426
3332
7115
4208
1160
4956
506
3967
6850
7604
1570
6842
3642
3853
3342
6732
705
1801
5803
4609
574
2046
7112
6140
2200
841
6426
940
1750
8165
2947
2300
389
3900
403
5066
3674
1084
1616
6043
5401
174
2354
1933
6069
3267
1906
2701
1465
3312
6789
8137
7910
2556
4067
1896
2334
8024
3596
889
7553
942
2765
1322
4309
8124
5823
6715
6955
1891
530
3762
703
2299
7816
5839
3617
1770
708
5442
402
3957
4805
4508
2993
1750
4526
4868
1367
6030
200
4907
2239
7420
4041
7554
1002
7215
599
3754
2625
7929
3784
2091
2429
1348
6700
3178
1476
169
5517
5845
276
3647
117
1121
4581
689
5297
54
3338
7316
8021
2216
1753
4343
2816
106
3979
1595
8033
8190
3814
4389
6650