0
1
2
3
4
5
6
7
8
9
10
11
12
13
14
15
16
17
18
19
20
21
22
23
24
25
26
27
28
29
30
31
32
33
34
35
36
37
38
39
40
41
42
43
44
45
46
47
48
49
50
51
52
53
54
55
56
57
58
59
60
61
62
63
64
65
66
67
68
69
70
71
72
73
74
75
76
77
78
79
80
81
82
83
84
85
86
87
88
89
90
91
92
93
94
95
96
97
98
99
100
101
102
103
104
105
106
107
108
109
110
111
112
113
114
115
116
117
118
119
120
121
122
123
124
125
126
127
128
129
130
131
132
133
134
135
136
137
138
139
140
141
142
143
144
145
146
147
148
149
150
151
152
153
154
155
156
157
158
159
160
161
162
163
164
165
166
167
168
169
170
171
172
173
174
175
176
177
178
179
180
181
182
183
184
185
186
187
188
189
190
191
192
193
194
195
196
197
198
199
200
201
202
203
204
205
206
207
208
209
210
211
212
213
214
215
216
217
218
219
220
221
222
223
224
225
226
227
228
229
230
231
232
233
234
235
236
237
238
239
240
241
242
243
244
245
246
247
248
249
250
251
252
253
254
255
256
257
258
259
260
261
262
263
264
265
266
267
268
269
270
271
272
273
274
275
276
277
278
279
280
281
282
283
284
285
286
287
288
289
290
291
292
293
294
295
296
297
298
299
300
301
302
303
304
305
306
307
308
309
310
311
312
313
314
315
316
317
318
319
320
321
322
323
324
325
326
327
328
329
330
331
332
333
334
335
336
337
338
339
340
341
342
343
344
345
346
347
348
349
350
351
352
353
354
355
356
357
358
359
360
361
362
363
364
365
366
367
368
369
370
371
372
373
374
375
376
377
378
379
380
381
382
383
384
385
386
387
388
389
390
391
392
393
394
395
396
397
398
399
400
401
402
403
404
405
406
407
408
409
410
411
412
413
414
415
416
417
418
419
420
421
422
423
424
425
426
427
428
429
430
431
432
433
434
435
436
437
438
439
440
441
442
443
444
445
446
447
448
449
450
451
452
453
454
455
456
457
458
459
460
461
462
463
464
465
466
467
468
469
470
471
472
473
474
475
476
477
478
479
480
481
482
483
484
485
486
487
488
489
490
491
492
493
494
495
496
497
498
499
500
501
502
503
504
505
506
507
508
509
510
511
512
513
514
515
516
517
518
519
520
521
522
523
524
525
526
527
528
529
530
531
532
533
534
535
536
537
538
539
540
541
542
543
544
545
546
547
548
549
550
551
552
553
554
555
556
557
558
559
560
561
562
563
564
565
566
567
568
569
570
571
572
573
574
575
576
577
578
579
580
581
582
583
584
585
586
587
588
589
590
591
592
593
594
595
596
597
598
599
600
601
602
603
604
605
606
607
608
609
610
611
612
613
614
615
616
617
618
619
620
621
622
623
624
625
626
627
628
629
630
631
632
633
634
635
636
637
638
639
640
641
642
643
644
645
646
647
648
649
650
651
652
653
654
655
656
657
658
659
660
661
662
663
664
665
666
667
668
669
670
671
672
673
674
675
676
677
678
679
680
681
682
683
684
685
686
687
688
689
690
691
692
693
694
695
696
697
698
699
700
701
702
703
704
705
706
707
708
709
710
711
712
713
714
715
716
717
718
719
720
721
722
723
724
725
726
727
728
729
730
731
732
733
734
735
736
737
738
739
740
741
742
743
744
745
746
747
748
749
750
751
752
753
754
755
756
757
758
759
760
761
762
763
764
765
766
767
768
769
770
771
772
773
774
775
776
777
778
779
780
781
782
783
784
785
786
787
788
789
790
791
792
793
794
795
796
797
798
799
800
801
802
803
804
805
806
807
808
809
810
811
812
813
814
815
816
817
818
819
820
821
822
823
824
825
826
827
828
829
830
831
832
833
834
835
836
837
838
839
840
841
842
843
844
845
846
847
848
849
850
851
852
853
854
855
856
857
858
859
860
861
862
863
864
865
866
867
868
869
870
871
872
873
874
875
876
877
878
879
880
881
882
883
884
885
886
887
888
889
890
891
892
893
894
895
896
897
898
899
900
901
902
903
904
905
906
907
908
909
910
911
912
913
914
915
916
917
918
919
920
921
922
923
924
925
926
927
928
929
930
931
932
933
934
935
936
937
938
939
940
941
942
943
944
945
946
947
948
949
950
951
952
953
954
955
956
957
958
959
960
961
962
963
964
965
966
967
968
969
970
971
972
973
974
975
976
977
978
979
980
981
982
983
984
985
986
987
988
989
990
991
992
993
994
995
996
997
998
999
1000
1001
1002
1003
1004
1005
1006
1007
1008
1009
1010
1011
1012
1013
1014
1015
1016
1017
1018
1019
1020
1021
1022
1023
1024
1025
1026
1027
1028
1029
1030
1031
1032
1033
1034
1035
1036
1037
1038
1039
1040
1041
1042
1043
1044
1045
1046
1047
1048
1049
1050
1051
1052
1053
1054
1055
1056
1057
1058
1059
1060
1061
1062
1063
1064
1065
1066
1067
1068
1069
1070
1071
1072
1073
1074
1075
1076
1077
1078
1079
1080
1081
1082
1083
1084
1085
1086
1087
1088
1089
1090
1091
1092
1093
1094
1095
1096
1097
1098
1099
1100
1101
1102
1103
1104
1105
1106
1107
1108
1109
1110
1111
1112
1113
1114
1115
1116
1117
1118
1119
1120
1121
1122
1123
1124
1125
1126
1127
1128
1129
1130
1131
1132
1133
1134
1135
1136
1137
1138
1139
1140
1141
1142
1143
1144
1145
1146
1147
1148
1149
1150
1151
1152
1153
1154
1155
1156
1157
1158
1159
1160
1161
1162
1163
1164
1165
1166
1167
1168
1169
1170
1171
1172
1173
1174
1175
1176
1177
1178
1179
1180
1181
1182
1183
1184
1185
1186
1187
1188
1189
1190
1191
1192
1193
1194
1195
1196
1197
1198
1199
1200
1201
1202
1203
1204
1205
1206
1207
1208
1209
1210
1211
1212
1213
1214
1215
1216
1217
1218
1219
1220
1221
1222
1223
1224
1225
1226
1227
1228
1229
1230
1231
1232
1233
1234
1235
1236
1237
1238
1239
1240
1241
1242
1243
1244
1245
1246
1247
1248
1249
1250
1251
1252
1253
1254
1255
1256
1257
1258
1259
1260
1261
1262
1263
1264
1265
1266
1267
1268
1269
1270
1271
1272
1273
1274
1275
1276
1277
1278
1279
1280
1281
1282
1283
1284
1285
1286
1287
1288
1289
1290
1291
1292
1293
1294
1295
1296
1297
1298
1299
1300
1301
1302
1303
1304
1305
1306
1307
1308
1309
1310
1311
1312
1313
1314
1315
1316
1317
1318
1319
1320
1321
1322
1323
1324
1325
1326
1327
1328
1329
1330
1331
1332
1333
1334
1335
1336
1337
1338
1339
1340
1341
1342
1343
1344
1345
1346
1347
1348
1349
1350
1351
1352
1353
1354
1355
1356
1357
1358
1359
1360
1361
1362
1363
1364
1365
1366
1367
1368
1369
1370
1371
1372
1373
1374
1375
1376
1377
1378
1379
1380
1381
1382
1383
1384
1385
1386
1387
1388
1389
1390
1391
1392
1393
1394
1395
1396
1397
1398
1399
1400
1401
1402
1403
1404
1405
1406
1407
1408
1409
1410
1411
1412
1413
1414
1415
1416
1417
1418
1419
1420
1421
1422
1423
1424
1425
1426
1427
1428
1429
1430
1431
1432
1433
1434
1435
1436
1437
1438
1439
1440
1441
1442
1443
1444
1445
1446
1447
1448
1449
1450
1451
1452
1453
1454
1455
1456
1457
1458
1459
1460
1461
1462
1463
1464
1465
1466
1467
1468
1469
1470
1471
1472
1473
1474
1475
1476
1477
1478
1479
1480
1481
1482
1483
1484
1485
1486
1487
1488
1489
1490
1491
1492
1493
1494
1495
1496
1497
1498
1499
1500
1501
1502
1503
1504
1505
1506
1507
1508
1509
1510
1511
1512
1513
1514
1515
1516
1517
1518
1519
1520
1521
1522
1523
1524
1525
1526
1527
1528
1529
1530
1531
1532
1533
1534
1535
1536
1537
1538
1539
1540
1541
1542
1543
1544
1545
1546
1547
1548
1549
1550
1551
1552
1553
1554
1555
1556
1557
1558
1559
1560
1561
1562
1563
1564
1565
1566
1567
1568
1569
1570
1571
1572
1573
1574
1575
1576
1577
1578
1579
1580
1581
1582
1583
1584
1585
1586
1587
1588
1589
1590
1591
1592
1593
1594
1595
1596
1597
1598
1599
1600
1601
1602
1603
1604
1605
1606
1607
1608
1609
1610
1611
1612
1613
1614
1615
1616
1617
1618
1619
1620
1621
1622
1623
1624
1625
1626
1627
1628
1629
1630
1631
1632
1633
1634
1635
1636
1637
1638
1639
1640
1641
1642
1643
1644
1645
1646
1647
1648
1649
1650
1651
1652
1653
1654
1655
1656
1657
1658
1659
1660
1661
1662
1663
1664
1665
1666
1667
1668
1669
1670
1671
1672
1673
1674
1675
1676
1677
1678
1679
1680
1681
1682
1683
1684
1685
1686
1687
1688
1689
1690
1691
1692
1693
1694
1695
1696
1697
1698
1699
1700
1701
1702
1703
1704
1705
1706
1707
1708
1709
1710
1711
1712
1713
1714
1715
1716
1717
1718
1719
1720
1721
1722
1723
1724
1725
1726
1727
1728
1729
1730
1731
1732
1733
1734
1735
1736
1737
1738
1739
1740
1741
1742
1743
1744
1745
1746
1747
1748
1749
1750
1751
1752
1753
1754
1755
1756
1757
1758
1759
1760
1761
1762
1763
1764
1765
1766
1767
1768
1769
1770
1771
1772
1773
1774
1775
1776
1777
1778
1779
1780
1781
1782
1783
1784
1785
1786
1787
1788
1789
1790
1791
1792
1793
1794
1795
1796
1797
1798
1799
1800
1801
1802
1803
1804
1805
1806
1807
1808
1809
1810
1811
1812
1813
1814
1815
1816
1817
1818
1819
1820
1821
1822
1823
1824
1825
1826
1827
1828
1829
1830
1831
1832
1833
1834
1835
1836
1837
1838
1839
1840
1841
1842
1843
1844
1845
1846
1847
1848
1849
1850
1851
1852
1853
1854
1855
1856
1857
1858
1859
1860
1861
1862
1863
1864
1865
1866
1867
1868
1869
1870
1871
1872
1873
1874
1875
1876
1877
1878
1879
1880
1881
1882
1883
1884
1885
1886
1887
1888
1889
1890
1891
1892
1893
1894
1895
1896
1897
1898
1899
1900
1901
1902
1903
1904
1905
1906
1907
1908
1909
1910
1911
1912
1913
1914
1915
1916
1917
1918
1919
1920
1921
1922
1923
1924
1925
1926
1927
1928
1929
1930
1931
1932
1933
1934
1935
1936
1937
1938
1939
1940
1941
1942
1943
1944
1945
1946
1947
1948
1949
1950
1951
1952
1953
1954
1955
1956
1957
1958
1959
1960
1961
1962
1963
1964
1965
1966
1967
1968
1969
1970
1971
1972
1973
1974
1975
1976
1977
1978
1979
1980
1981
1982
1983
1984
1985
1986
1987
1988
1989
1990
1991
1992
1993
1994
1995
1996
1997
1998
1999
2000
2001
2002
2003
2004
2005
2006
2007
2008
2009
2010
2011
2012
2013
2014
2015
2016
2017
2018
2019
2020
2021
2022
2023
2024
2025
2026
2027
2028
2029
2030
2031
2032
2033
2034
2035
2036
2037
2038
2039
2040
2041
2042
2043
2044
2045
2046
2047
2048
2049
2050
2051
2052
2053
2054
2055
2056
2057
2058
2059
2060
2061
2062
2063
2064
2065
2066
2067
2068
2069
2070
2071
2072
2073
2074
2075
2076
2077
2078
2079
2080
2081
2082
2083
2084
2085
2086
2087
2088
2089
2090
2091
2092
2093
2094
2095
2096
2097
2098
2099
2100
2101
2102
2103
2104
2105
2106
2107
2108
2109
2110
2111
2112
2113
2114
2115
2116
2117
2118
2119
2120
2121
2122
2123
2124
2125
2126
2127
2128
2129
2130
2131
2132
2133
2134
2135
2136
2137
2138
2139
2140
2141
2142
2143
2144
2145
2146
2147
2148
2149
2150
2151
2152
2153
2154
2155
2156
2157
2158
2159
2160
2161
2162
2163
2164
2165
2166
2167
2168
2169
2170
2171
2172
2173
2174
2175
2176
2177
2178
2179
2180
2181
2182
2183
2184
2185
2186
2187
2188
2189
2190
2191
2192
2193
2194
2195
2196
2197
2198
2199
2200
2201
2202
2203
2204
2205
2206
2207
2208
2209
2210
2211
2212
2213
2214
2215
2216
2217
2218
2219
2220
2221
2222
2223
2224
2225
2226
2227
2228
2229
2230
2231
2232
2233
2234
2235
2236
2237
2238
2239
2240
2241
2242
2243
2244
2245
2246
2247
2248
2249
2250
2251
2252
2253
2254
2255
2256
2257
2258
2259
2260
2261
2262
2263
2264
2265
2266
2267
2268
2269
2270
2271
2272
2273
2274
2275
2276
2277
2278
2279
2280
2281
2282
2283
2284
2285
2286
2287
2288
2289
2290
2291
2292
2293
2294
2295
2296
2297
2298
2299
2300
2301
2302
2303
2304
2305
2306
2307
2308
2309
2310
2311
2312
2313
2314
2315
2316
2317
2318
2319
2320
2321
2322
2323
2324
2325
2326
2327
2328
2329
2330
2331
2332
2333
2334
2335
2336
2337
2338
2339
2340
2341
2342
2343
2344
2345
2346
2347
2348
2349
2350
2351
2352
2353
2354
2355
2356
2357
2358
2359
2360
2361
2362
2363
2364
2365
2366
2367
2368
2369
2370
2371
2372
2373
2374
2375
2376
2377
2378
2379
2380
2381
2382
2383
2384
2385
2386
2387
2388
2389
2390
2391
2392
2393
2394
2395
2396
2397
2398
2399
2400
2401
2402
2403
2404
2405
2406
2407
2408
2409
2410
2411
2412
2413
2414
2415
2416
2417
2418
2419
2420
2421
2422
2423
2424
2425
2426
2427
2428
2429
2430
2431
2432
2433
2434
2435
2436
2437
2438
2439
2440
2441
2442
2443
2444
2445
2446
2447
2448
2449
2450
2451
2452
2453
2454
2455
2456
2457
2458
2459
2460
2461
2462
2463
2464
2465
2466
2467
2468
2469
2470
2471
2472
2473
2474
2475
2476
2477
2478
2479
2480
2481
2482
2483
2484
2485
2486
2487
2488
2489
2490
2491
2492
2493
2494
2495
2496
2497
2498
2499
2500
2501
2502
2503
2504
2505
2506
2507
2508
2509
2510
2511
2512
2513
2514
2515
2516
2517
2518
2519
2520
2521
2522
2523
2524
2525
2526
2527
2528
2529
2530
2531
2532
2533
2534
2535
2536
2537
2538
2539
2540
2541
2542
2543
2544
2545
2546
2547
2548
2549
2550
2551
2552
2553
2554
2555
2556
2557
2558
2559
2560
2561
2562
2563
2564
2565
2566
2567
2568
2569
2570
2571
2572
2573
2574
2575
2576
2577
2578
2579
2580
2581
2582
2583
2584
2585
2586
2587
2588
2589
2590
2591
2592
2593
2594
2595
2596
2597
2598
2599
2600
2601
2602
2603
2604
2605
2606
2607
2608
2609
2610
2611
2612
2613
2614
2615
2616
2617
2618
2619
2620
2621
2622
2623
2624
2625
2626
2627
2628
2629
2630
2631
2632
2633
2634
2635
2636
2637
2638
2639
2640
2641
2642
2643
2644
2645
2646
2647
2648
2649
2650
2651
2652
2653
2654
2655
2656
2657
2658
2659
2660
2661
2662
2663
2664
2665
2666
2667
2668
2669
2670
2671
2672
2673
2674
2675
2676
2677
2678
2679
2680
2681
2682
2683
2684
2685
2686
2687
2688
2689
2690
2691
2692
2693
2694
2695
2696
2697
2698
2699
2700
2701
2702
2703
2704
2705
2706
2707
2708
2709
2710
2711
2712
2713
2714
2715
2716
2717
2718
2719
2720
2721
2722
2723
2724
2725
2726
2727
2728
2729
2730
2731
2732
2733
2734
2735
2736
2737
2738
2739
2740
2741
2742
2743
2744
2745
2746
2747
2748
2749
2750
2751
2752
2753
2754
2755
2756
2757
2758
2759
2760
2761
2762
2763
2764
2765
2766
2767
2768
2769
2770
2771
2772
2773
2774
2775
2776
2777
2778
2779
2780
2781
2782
2783
2784
2785
2786
2787
2788
2789
2790
2791
2792
2793
2794
2795
2796
2797
2798
2799
2800
2801
2802
2803
2804
2805
2806
2807
2808
2809
2810
2811
2812
2813
2814
2815
2816
2817
2818
2819
2820
2821
2822
2823
2824
2825
2826
2827
2828
2829
2830
2831
2832
2833
2834
2835
2836
2837
2838
2839
2840
2841
2842
2843
2844
2845
2846
2847
2848
2849
2850
2851
2852
2853
2854
2855
2856
2857
2858
2859
2860
2861
2862
2863
2864
2865
272
1978
2507
213
1458
1055
258
1099
1352
1973
3693
1465
3369
4047
2604
3224
1919
3130
2532
2244
575
2662
3926
1736
607
3015
1335
2396
1859
2939
3643
3116
632
1837
2676
987
1956
3897
1754
3912
2237
529
2859
3600
634
1759
2549
84
3335
2924
1776
956
1277
2368
1938
443
145
1547
478
789
1292
835
3453
3231
123
271
2831
2374
2983
2148
1475
1363
2119
109
805
3822
3957
817
1336
4064
1119
1392
709
1181
3903
1485
2546
1153
1165
1843
278
3930
3186
2673
2508
1063
3713
2855
2631
1311
1442
998
229
3317
78
3475
1542
2395
258
3596
30
3781
749
2574
3593
2415
1772
3671
2975
4001
3257
1031
1161
2354
3168
1100
2387
75
1010
3902
2753
3949
3452
2568
3943
181
314
2121
1908
607
2057
1210
719
1162
539
3344
3429
1082
1518
1316
1473
1955
2943
1361
477
4005
1979
2077
1591
659
3126
2844
808
1080
3871
1810
3185
3868
3956
856
3863
771
2418
2177
2418
3255
3920
1596
2432
2823
2604
124
1407
1296
1862
2007
698
1467
1388
300
3747
135
1717
137
3618
905
2674
2892
1837
2737
866
1416
2201
2126
3621
3754
1071
1748
3059
348
3843
2013
1422
2729
3073
1135
2677
3170
1225
637
91
3777
1213
944
1751
1357
2647
359
861
2813
705
2556
2413
2464
927
841
778
124
1839
1642
3438
3638
3733
2245
3580
498
3696
1608
886
1978
2481
242
1904
1060
3757
2453
1029
815
2673
1498
456
3695
1621
1925
509
3690
980
2298
2314
2881
2714
768
3368
147
3295
4038
3422
2206
1524
3876
1200
679
1819
34
3476
2204
1692
958
2469
2041
1301
3306
411
488
3346
469
379
1708
221
619
1291
63
2712
2079
2185
58
648
744
412
1270
4020
1929
1163
2545
1711
790
2477
1907
2738
1972
1825
1393
1261
1696
702
1457
1567
2931
77
2351
1637
3236
4086
1216
1871
1358
249
2293
3129
3123
3231
322
3289
3074
3439
3679
1556
213
1700
4079
3350
3838
4063
352
2209
1795
2330
3602
1189
2791
2781
187
1042
2219
1716
522
1258
3605
3040
2698
2714
2480
1101
3018
650
3348
3524
1211
1779
1127
866
1369
1009
1828
2889
1421
729
1563
3221
850
4044
2746
402
3096
3468
2954
2604
1381
2959
2556
678
2242
594
3430
655
1749
2544
3913
2034
1483
3827
3285
718
3833
2410
431
1221
4034
2620
4081
2328
443
699
2419
2259
3597
2684
3657
3909
27
1895
1164
691
2917
3082
3422
1358
2220
50
2856
609
3672
1981
3366
3023
2070
2986
1062
3005
453
2418
1164
3724
2451
3227
2458
2314
3427
1674
3566
3817
1907
2201
3404
3440
3643
1129
926
3696
2968
1658
3385
1914
3881
3832
3170
2383
4089
3288
2065
920
351
3876
2037
215
3875
147
439
3742
1250
349
2947
1535
1204
845
1989
2115
267
3096
3632
990
3551
493
1541
1443
3336
1613
1426
2613
2539
797
2809
958
2136
3578
562
2019
2739
1484
3155
2551
850
3742
3087
1390
1319
4013
2941
3221
1951
1982
3867
3969
457
2997
2579
3909
187
868
1981
361
3378
2209
3684
1943
1144
3227
3917
3990
2187
1902
2037
3965
2939
1524
2203
544
2580
2526
1022
1999
2493
4
3176
3904
3488
250
491
2761
1803
4068
1515
1490
1302
2955
2013
3723
1927
1456
3917
2010
2290
1184
1830
1944
1061
776
3630
1276
2243
523
208
2903
814
402
30
1282
2986
739
2582
661
192
2422
1828
602
225
3587
233
3074
1868
2016
1595
1174
50
138
109
3760
2071
1410
3536
2794
2683
3162
1401
3223
954
3343
2117
1713
2609
1689
795
1299
674
449
1649
1512
985
1587
1810
1892
3472
1492
3102
3506
1681
597
3666
1325
1562
265
3209
1234
3205
243
2435
1269
3880
1828
1766
3636
2939
1348
386
1194
1400
3694
729
869
1352
3649
3039
3097
2075
1587
3326
3861
2136
1321
3933
3959
246
3397
866
1948
41
3071
2166
475
3394
2168
520
2419
1488
3082
3540
1985
1548
2340
3941
439
116
1109
1240
2441
2229
934
2276
2217
1486
2093
1559
1526
3955
1503
3938
3121
2735
3494
472
1200
2510
3508
947
2646
890
3094
1176
2242
1316
3980
796
3015
1190
2712
2950
796
1318
3285
982
3669
829
3722
2311
1298
3160
2687
402
3959
1375
2575
2355
732
1173
1919
2543
1733
704
2702
1622
1556
1929
845
2310
125
1317
1841
3440
59
1845
1127
1503
2049
2283
3943
694
3380
1647
3788
3832
599
3457
2403
1550
1479
351
2690
1733
2216
1513
155
1943
543
1539
2576
43
705
2363
1097
3103
3148
3244
261
2820
405
801
1517
426
706
126
2671
158
2489
1116
1993
1010
2777
2036
3940
60
3559
830
2916
225
843
3418
3453
2964
2428
3118
8
3353
1721
1873
3414
847
2810
551
324
2157
3622
334
2319
908
3718
3897
1386
614
890
1051
718
93
2154
1287
3090
3775
1024
3669
2875
584
3988
3399
3221
2536
744
3309
2051
711
2070
2629
1171
3463
3014
935
2645
2249
3492
1888
1646
1266
1298
1438
1384
1327
3609
2444
1996
438
678
3517
1267
3919
1011
4046
25
19
2115
1863
947
372
210
963
1794
2942
3084
1617
489
1373
2045
2585
764
798
2313
67
3033
186
2269
788
1979
3664
421
1114
76
434
2431
2827
1211
291
560
1065
1807
2911
279
2792
955
220
863
3091
1906
592
632
2220
1852
2163
3271
3027
3786
2310
1692
2024
2310
3348
1893
3828
1775
3192
1826
2629
2212
671
25
1369
3262
143
2251
4094
2531
40
2598
2998
1689
3242
1532
2144
855
1144
436
1045
2786
2076
2368
593
3287
2698
3663
3667
1667
1705
1987
3270
3579
3599
1381
160
873
1292
3031
1867
3237
4075
3275
3
3845
1396
3955
639
2933
2742
3384
2259
202
3075
1711
149
2131
1851
1225
1854
177
2894
2634
1492
2793
252
2428
4038
3512
223
548
2328
807
2732
2997
1983
1118
438
4036
1103
1981
691
2236
3539
1321
1731
2259
1276
1188
1966
3388
639
2849
2413
414
3256
2454
3309
1990
147
594
15
1945
428
2193
3827
2892
1461
3662
2678
3031
3865
1112
2041
422
2782
168
3685
3474
1488
3826
1131
3601
3292
3962
1041
1193
3258
2089
1898
4011
1231
3040
676
3101
337
3084
3913
1016
172
2171
3262
3220
2084
366
2576
2400
3004
4079
3311
1750
3415
2148
2555
430
1822
2917
575
3666
1313
2251
2555
1171
577
2313
3239
922
3149
192
564
545
875
653
2453
3811
2234
806
3198
1360
53
933
108
2694
2523
1571
2277
1661
1549
137
3841
3457
2359
419
553
3558
690
3190
1567
1527
2793
3540
574
1583
3259
45
1540
940
3617
424
1741
3808
3089
114
2785
650
3490
342
1457
3812
624
1167
2398
1310
66
3290
379
1804
1002
3279
2836
3868
2413
3696
3567
1162
3940
2307
2833
4055
2466
2333
1156
887
1815
3840
600
3274
3828
1830
2280
333
2320
286
1119
3090
1419
2199
3450
3949
1969
1211
2959
3825
2081
446
1998
1434
558
2230
1479
3148
133