0
1
2
3
4
5
6
7
8
9
10
11
12
13
14
15
16
17
18
19
20
21
22
23
24
25
26
27
28
29
30
31
32
33
34
35
36
37
38
39
40
41
42
43
44
45
46
47
48
49
50
51
52
53
54
55
56
57
58
59
60
61
62
63
64
65
66
67
68
69
70
71
72
73
74
75
76
77
78
79
80
81
82
83
84
85
86
87
88
89
90
91
92
93
94
95
96
97
98
99
100
101
102
103
104
105
106
107
108
109
110
111
112
113
114
115
116
117
118
119
120
121
122
123
124
125
126
127
128
129
130
131
132
133
134
135
136
137
138
139
140
141
142
143
144
145
146
147
148
149
150
151
152
153
154
155
156
157
158
159
160
161
162
163
164
165
166
167
168
169
170
171
172
173
174
175
176
177
178
179
180
181
182
183
184
185
186
187
188
189
190
191
192
193
194
195
196
197
198
199
200
201
202
203
204
205
206
207
208
209
210
211
212
213
214
215
216
217
218
219
220
221
222
223
224
225
226
227
228
229
230
231
232
233
234
235
236
237
238
239
240
241
242
243
244
245
246
247
248
249
250
251
252
253
254
255
256
257
258
259
260
261
262
263
264
265
266
267
268
269
270
271
272
273
274
275
276
277
278
279
280
281
282
283
284
285
286
287
288
289
290
291
292
293
294
295
296
297
298
299
300
301
302
303
304
305
306
307
308
309
310
311
312
313
314
315
316
317
318
319
320
321
322
323
324
325
326
327
328
329
330
331
332
333
334
335
336
337
338
339
340
341
342
343
344
345
346
347
348
349
350
351
352
353
354
355
356
357
358
359
360
361
362
363
364
365
366
367
368
369
370
371
372
373
374
375
376
377
378
379
380
381
382
383
384
385
386
387
388
389
390
391
392
393
394
395
396
397
398
399
400
401
402
403
404
405
406
407
408
409
410
411
412
413
414
415
416
417
418
419
420
421
422
423
424
425
426
427
428
429
430
431
432
433
434
435
436
437
438
439
440
441
442
443
444
445
446
447
448
449
450
451
452
453
454
455
456
457
458
459
460
461
462
463
464
465
466
467
468
469
470
471
472
473
474
475
476
477
478
479
480
481
482
483
484
485
486
487
488
489
490
491
492
493
494
495
496
497
498
499
500
501
502
503
504
505
506
507
508
509
510
511
512
513
514
515
516
517
518
519
520
521
522
523
524
525
526
527
528
529
530
531
532
533
534
535
536
537
538
539
540
541
542
543
544
545
546
547
548
549
550
551
552
553
554
555
556
557
558
559
560
561
562
563
564
565
566
567
568
569
570
571
572
573
574
575
576
577
578
579
580
581
582
583
584
585
586
587
588
589
590
591
592
593
594
595
596
597
598
599
600
601
602
603
604
605
606
607
608
609
610
611
612
613
614
615
616
617
618
619
620
621
622
623
624
625
626
627
628
629
630
631
632
633
634
635
636
637
638
639
640
641
642
643
644
645
646
647
648
649
650
651
652
653
654
655
656
657
658
659
660
661
662
663
664
665
666
667
668
669
670
671
672
673
674
675
676
677
678
679
680
681
682
683
684
685
686
687
688
689
690
691
692
693
694
695
696
697
698
699
700
701
702
703
704
705
706
707
708
709
710
711
712
713
714
715
716
717
718
719
720
721
722
723
724
725
726
727
728
729
730
731
732
733
734
735
736
737
738
739
740
741
742
743
744
745
746
747
748
749
750
751
752
753
754
755
756
757
758
759
760
761
762
763
764
765
766
767
768
769
770
771
772
773
774
775
776
777
778
779
780
781
782
783
784
785
786
787
788
789
790
791
792
793
794
795
796
797
798
799
800
801
802
803
804
805
806
807
808
809
810
811
812
813
814
815
816
817
818
819
820
821
822
823
824
825
826
827
828
829
830
831
832
833
834
835
836
837
838
839
840
841
842
843
844
845
846
847
848
849
850
851
852
853
854
855
856
857
858
859
860
861
862
863
864
865
866
867
868
869
870
871
872
873
874
875
876
877
878
879
880
881
882
883
884
885
886
887
888
889
890
891
892
893
894
895
896
897
898
899
900
901
902
903
904
905
906
907
908
909
910
911
912
913
914
915
916
917
918
919
920
921
922
923
924
925
926
927
928
929
930
931
932
933
934
935
936
937
938
939
940
941
942
943
944
945
946
947
948
949
950
951
952
953
954
955
956
957
958
959
960
961
962
963
964
965
966
967
968
969
970
971
972
973
974
975
976
977
978
979
980
981
982
983
984
985
986
987
988
989
990
991
992
993
994
995
996
997
998
999
1000
1001
1002
1003
1004
1005
1006
1007
1008
1009
1010
1011
1012
1013
1014
1015
1016
1017
1018
1019
1020
1021
1022
1023
1024
1025
1026
1027
1028
1029
1030
1031
1032
1033
1034
1035
1036
1037
1038
1039
1040
1041
1042
1043
1044
1045
1046
1047
1048
1049
1050
1051
1052
1053
1054
1055
1056
1057
1058
1059
1060
1061
1062
1063
1064
1065
1066
1067
1068
1069
1070
1071
1072
1073
1074
1075
1076
1077
1078
1079
1080
1081
1082
1083
1084
1085
1086
1087
1088
1089
1090
1091
1092
1093
1094
1095
1096
1097
1098
1099
1100
1101
1102
1103
1104
1105
1106
1107
1108
1109
1110
1111
1112
1113
1114
1115
1116
1117
1118
1119
1120
1121
1122
1123
1124
1125
1126
1127
1128
1129
1130
1131
1132
1133
1134
1135
1136
1137
1138
1139
1140
1141
1142
1143
1144
1145
1146
1147
1148
1149
1150
1151
1152
1153
1154
1155
1156
1157
1158
1159
1160
1161
1162
1163
1164
1165
1166
1167
1168
1169
1170
1171
1172
1173
1174
1175
1176
1177
1178
1179
1180
1181
1182
1183
1184
1185
1186
1187
1188
1189
1190
1191
1192
1193
1194
1195
1196
1197
1198
1199
1200
1201
1202
1203
1204
1205
1206
1207
1208
1209
1210
1211
1212
1213
1214
1215
1216
1217
1218
1219
1220
1221
1222
1223
1224
1225
1226
1227
272
1978
459
213
1458
1055
258
1099
1352
1973
1645
1465
1321
1999
556
1176
1919
1082
484
196
575
614
1878
1736
607
967
1335
348
1859
891
1595
1068
632
1837
628
987
1956
1849
1754
1864
189
529
811
1552
634
1759
501
84
1287
876
1776
956
1277
320
1938
443
145
1547
478
789
1292
835
1405
1183
123
271
783
326
935
100
1475
1363
71
109
805
1774
1909
817
1336
2016
1119
1392
709
1181
1855
1485
498
1153
1165
1843
278
1882
1138
625
460
1063
1665
807
583
1311
1442
998
229
1269
78
1427
1542
347
258
1548
30
1733
749
526
1545
367
1772
1623
927
1953
1209
1031
1161
306
1120
1100
339
75
1010
1854
705
1901
1404
520
1895
181
314
73
1908
607
9
1210
719
1162
539
1296
1381
1082
1518
1316
1473
1955
895
1361
477
1957
1979
29
1591
659
1078
796
808
1080
1823
1810
1137
1820
1908
856
1815
771
370
129
370
1207
1872
1596
384
775
556
124
1407
1296
1862
2007
698
1467
1388
300
1699
135
1717
137
1570
905
626
844
1837
689
866
1416
153
78
1573
1706
1071
1748
1011
348
1795
2013
1422
681
1025
1135
629
1122
1225
637
91
1729
1213
944
1751
1357
599
359
861
765
705
508
365
416
927
841
778
124
1839
1642
1390
1590
1685
197
1532
498
1648
1608
886
1978
433
242
1904
1060
1709
405
1029
815
625
1498
456
1647
1621
1925
509
1642
980
250
266
833
666
768
1320
147
1247
1990
1374
158
1524
1828
1200
679
1819
34
1428
156
1692
958
421
2041
1301
1258
411
488
1298
469
379
1708
221
619
1291
63
664
31
137
58
648
744
412
1270
1972
1929
1163
497
1711
790
429
1907
690
1972
1825
1393
1261
1696
702
1457
1567
883
77
303
1637
1188
2038
1216
1871
1358
249
245
1081
1075
1183
322
1241
1026
1391
1631
1556
213
1700
2031
1302
1790
2015
352
161
1795
282
1554
1189
743
733
187
1042
171
1716
522
1258
1557
992
650
666
432
1101
970
650
1300
1476
1211
1779
1127
866
1369
1009
1828
841
1421
729
1563
1173
850
1996
698
402
1048
1420
906
556
1381
911
508
678
194
594
1382
655
1749
496
1865
2034
1483
1779
1237
718
1785
362
431
1221
1986
572
2033
280
443
699
371
211
1549
636
1609
1861
27
1895
1164
691
869
1034
1374
1358
172
50
808
609
1624
1981
1318
975
22
938
1062
957
453
370
1164
1676
403
1179
410
266
1379
1674
1518
1769
1907
153
1356
1392
1595
1129
926
1648
920
1658
1337
1914
1833
1784
1122
335
2041
1240
17
920
351
1828
2037
215
1827
147
439
1694
1250
349
899
1535
1204
845
1989
67
267
1048
1584
990
1503
493
1541
1443
1288
1613
1426
565
491
797
761
958
88
1530
562
2019
691
1484
1107
503
850
1694
1039
1390
1319
1965
893
1173
1951
1982
1819
1921
457
949
531
1861
187
868
1981
361
1330
161
1636
1943
1144
1179
1869
1942
139
1902
2037
1917
891
1524
155
544
532
478
1022
1999
445
4
1128
1856
1440
250
491
713
1803
2020
1515
1490
1302
907
2013
1675
1927
1456
1869
2010
242
1184
1830
1944
1061
776
1582
1276
195
523
208
855
814
402
30
1282
938
739
534
661
192
374
1828
602
225
1539
233
1026
1868
2016
1595
1174
50
138
109
1712
23
1410
1488
746
635
1114
1401
1175
954
1295
69
1713
561
1689
795
1299
674
449
1649
1512
985
1587
1810
1892
1424
1492
1054
1458
1681
597
1618
1325
1562
265
1161
1234
1157
243
387
1269
1832
1828
1766
1588
891
1348
386
1194
1400
1646
729
869
1352
1601
991
1049
27
1587
1278
1813
88
1321
1885
1911
246
1349
866
1948
41
1023
118
475
1346
120
520
371
1488
1034
1492
1985
1548
292
1893
439
116
1109
1240
393
181
934
228
169
1486
45
1559
1526
1907
1503
1890
1073
687
1446
472
1200
462
1460
947
598
890
1046
1176
194
1316
1932
796
967
1190
664
902
796
1318
1237
982
1621
829
1674
263
1298
1112
639
402
1911
1375
527
307
732
1173
1919
495
1733
704
654
1622
1556
1929
845
262
125
1317
1841
1392
59
1845
1127
1503
1
235
1895
694
1332
1647
1740
1784
599
1409
355
1550
1479
351
642
1733
168
1513
155
1943
543
1539
528
43
705
315
1097
1055
1100
1196
261
772
405
801
1517
426
706
126
623
158
441
1116
1993
1010
729
2036
1892
60