306
305
304
303
302
301
300
299
298
297
296
295
294
293
292
291
290
289
288
287
286
285
284
283
282
281
280
279
278
277
276
275
274
273
272
271
270
269
268
267
266
265
264
263
262
261
260
259
258
257
256
255
254
253
252
251
250
249
248
247
246
245
244
243
242
241
240
239
238
237
236
235
234
233
232
231
230
229
228
227
226
225
224
223
222
221
220
219
218
217
216
215
214
213
212
211
210
209
208
207
206
205
204
203
202
201
200
199
198
197
196
195
194
193
192
191
190
189
188
187
186
185
184
183
182
181
180
179
178
177
176
175
174
173
172
171
170
169
168
167
166
165
164
163
162
161
160
159
158
157
156
155
154
153
152
151
150
149
148
147
146
145
144
143
142
141
140
139
138
137
136
135
134
133
132
131
130
129
128
127
126
125
124
123
122
121
120
119
118
117
116
115
114
113
112
111
110
109
108
107
106
105
104
103
102
101
100
99
98
97
96
95
94
93
92
91
90
89
88
87
86
85
84
83
82
81
80
79
78
77
76
75
74
73
72
71
70
69
68
67
66
65
64
63
62
61
60
59
58
57
56
55
54
53
52
51
50
49
48
47
46
45
44
43
42
41
40
39
38
37
36
35
34
33
32
31
30
29
28
27
26
25
24
23
22
21
20
19
18
17
16
15
14
13
12
11
10
9
8
7
6
5
4
3
2
1
272
442
459
213
434
31
258
75
328
437
109
441
297
463
44
152
383
58
484
196
63
102
342
200
95
455
311
348
323
379
59
44
120
301
116
475
420
313
218
328
189
17
299
16
122
223
501
84
263
364
240
444
253
320
402
443
145
11
478
277
268
323
381
159
123
271
271
326
423
100
451
339
71
109
293
238
373
305
312
480
95
368
197
157
319
461
498
129
141
307
278
346
114
113
460
39
129
295
71
287
418
486
229
245
78
403
6
347
258
12
30
197
237
14
9
367
236
87
415
417
185
7
137
306
96
76
339
75
498
318
193
365
380
8
359
181
314
73
372
95
9
186
207
138
27
272
357
58
494
292
449
419
383
337
477
421
443
29
55
147
54
284
296
56
287
274
113
284
372
344
279
259
370
129
370
183
336
60
384
263
44
124
383
272
326
471
186
443
364
300
163
135
181
137
34
393
114
332
301
177
354
392
153
78
37
170