0
1
2
3
4
5
6
7
8
9
10
11
12
13
14
15
16
17
18
19
20
21
22
23
24
25
26
27
28
29
30
31
32
33
34
35
36
37
38
39
40
41
42
43
44
45
46
47
48
49
50
51
52
53
54
55
56
57
58
59
60
61
62
63
64
65
66
67
68
69
70
71
72
73
74
75
76
77
78
79
80
81
82
83
84
85
86
87
88
89
90
91
92
93
94
95
96
97
98
99
100
101
102
103
104
105
106
107
108
109
110
111
112
113
114
115
116
117
118
119
120
121
122
123
124
125
126
127
128
129
130
131
132
133
134
135
136
137
138
139
140
141
142
143
144
145
146
147
148
149
150
151
152
153
154
155
156
157
158
159
160
161
162
163
164
165
166
167
168
169
170
171
172
173
174
175
176
177
178
179
180
181
182
183
184
185
186
187
188
189
190
191
192
193
194
195
196
197
198
199
200
201
202
203
204
205
206
207
208
209
210
211
212
213
214
215
216
217
218
219
220
221
222
223
224
225
226
227
228
229
230
231
232
233
234
235
236
237
238
239
240
241
242
243
244
245
246
247
248
249
250
251
252
253
254
255
256
257
258
259
260
261
262
263
264
265
266
267
268
269
270
271
272
273
274
275
276
277
278
279
280
281
282
283
284
285
286
287
288
289
290
291
292
293
294
295
296
297
298
299
300
301
302
303
304
305
306
307
308
309
310
311
312
313
314
315
316
317
318
319
320
321
322
323
324
325
326
327
328
329
330
331
332
333
334
335
336
337
338
339
340
341
342
343
344
345
346
347
348
349
350
351
352
353
354
355
356
357
358
359
360
361
362
363
364
365
366
367
368
369
370
371
372
373
374
375
376
377
378
379
380
381
382
383
384
385
386
387
388
389
390
391
392
393
394
395
396
397
398
399
400
401
402
403
404
405
406
407
408
409
410
411
412
413
414
415
416
417
418
419
420
421
422
423
424
425
426
427
428
429
430
431
432
433
434
435
436
437
438
439
440
441
442
443
444
445
446
447
448
449
450
451
452
453
454
455
456
457
458
459
460
461
462
463
464
465
466
467
468
469
470
471
472
473
474
475
476
477
478
479
480
481
482
483
484
485
486
487
488
489
490
491
492
493
494
495
496
497
498
499
500
501
502
503
504
505
506
507
508
509
510
511
512
513
514
515
516
517
518
519
520
521
522
523
524
525
526
527
528
529
530
531
532
533
534
535
536
537
538
539
540
541
542
543
544
545
546
547
548
549
550
551
552
553
554
555
556
557
558
559
560
561
562
563
564
565
566
567
568
569
570
571
572
573
574
575
576
577
578
579
580
581
582
583
584
585
586
587
588
589
590
591
592
593
594
595
596
597
598
599
600
601
602
603
604
605
606
607
608
609
610
611
612
613
614
615
616
617
618
619
620
621
622
623
624
625
626
627
628
629
630
631
632
633
634
635
636
637
638
639
640
641
642
643
644
645
646
647
648
649
650
651
652
653
654
655
656
657
658
659
660
661
662
663
664
665
666
667
668
669
670
671
672
673
674
675
676
677
678
679
680
681
682
683
684
685
686
687
688
689
690
691
692
693
694
695
696
697
698
699
700
701
702
703
704
705
706
707
708
709
710
711
712
713
714
715
716
717
718
719
720
721
722
723
724
725
726
727
728
729
730
731
732
733
734
735
736
737
738
739
740
741
742
743
744
745
746
747
748
749
750
751
752
753
754
755
756
757
758
759
760
761
762
763
764
765
766
767
768
769
770
771
772
773
774
775
776
777
778
779
780
781
782
783
784
785
786
787
788
789
790
791
792
793
794
795
796
797
798
799
800
801
802
803
804
805
806
807
808
809
810
811
812
813
814
815
816
817
818
819
820
821
822
823
824
825
826
827
828
829
830
831
832
833
834
835
836
837
838
839
840
841
842
843
844
845
846
847
848
849
850
851
852
853
854
855
856
857
858
859
860
861
862
863
864
865
866
867
868
869
870
871
872
873
874
875
876
877
878
879
880
881
882
883
884
885
886
887
888
889
890
891
892
893
894
895
896
897
898
899
900
901
902
903
904
905
906
907
908
909
910
911
912
913
914
915
916
917
918
919
920
921
922
923
924
925
926
927
928
929
930
931
932
933
934
935
936
937
938
939
940
941
942
943
944
945
946
947
948
949
950
951
952
953
954
955
956
957
958
959
960
961
962
963
964
965
966
967
968
969
970
971
972
973
974
975
976
977
978
979
980
981
982
983
984
985
986
987
988
989
990
991
992
993
994
995
996
997
998
999
1000
1001
1002
1003
1004
1005
1006
1007
1008
1009
1010
1011
1012
1013
1014
1015
1016
1017
1018
1019
1020
1021
1022
1023
1024
1025
1026
1027
1028
1029
1030
1031
1032
1033
1034
1035
1036
1037
1038
1039
1040
1041
1042
1043
1044
1045
1046
1047
1048
1049
1050
1051
1052
1053
1054
1055
1056
1057
1058
1059
1060
1061
1062
1063
1064
1065
1066
1067
1068
1069
1070
1071
1072
1073
1074
1075
1076
1077
1078
1079
1080
1081
1082
1083
1084
1085
1086
1087
1088
1089
1090
1091
1092
1093
1094
1095
1096
1097
1098
1099
1100
1101
1102
1103
1104
1105
1106
1107
1108
1109
1110
1111
1112
1113
1114
1115
1116
1117
1118
1119
1120
1121
1122
1123
1124
1125
1126
1127
1128
1129
1130
1131
1132
1133
1134
1135
1136
1137
1138
1139
1140
1141
1142
1143
1144
1145
1146
1147
1148
1149
1150
1151
1152
1153
1154
1155
1156
1157
1158
1159
1160
1161
1162
1163
1164
1165
1166
1167
1168
1169
1170
1171
1172
1173
1174
1175
1176
1177
1178
1179
1180
1181
1182
1183
1184
1185
1186
1187
1188
1189
1190
1191
1192
1193
1194
1195
1196
1197
1198
1199
1200
1201
1202
1203
1204
1205
1206
1207
1208
1209
1210
1211
1212
1213
1214
1215
1216
1217
1218
1219
1220
1221
1222
1223
1224
1225
1226
1227
1228
1229
1230
1231
1232
1233
1234
1235
1236
1237
1238
1239
1240
1241
1242
1243
1244
1245
1246
1247
1248
1249
1250
1251
1252
1253
1254
1255
1256
1257
1258
1259
1260
1261
1262
1263
1264
1265
1266
1267
1268
1269
1270
1271
1272
1273
1274
1275
1276
1277
1278
1279
1280
1281
1282
1283
1284
1285
1286
1287
1288
1289
1290
1291
1292
1293
1294
1295
1296
1297
1298
1299
1300
1301
1302
1303
1304
1305
1306
1307
1308
1309
1310
1311
1312
1313
1314
1315
1316
1317
1318
1319
1320
1321
1322
1323
1324
1325
1326
1327
1328
1329
1330
1331
1332
1333
1334
1335
1336
1337
1338
1339
1340
1341
1342
1343
1344
1345
1346
1347
1348
1349
1350
1351
1352
1353
1354
1355
1356
1357
1358
1359
1360
1361
1362
1363
1364
1365
1366
1367
1368
1369
1370
1371
1372
1373
1374
1375
1376
1377
1378
1379
1380
1381
1382
1383
1384
1385
1386
1387
1388
1389
1390
1391
1392
1393
1394
1395
1396
1397
1398
1399
1400
1401
1402
1403
1404
1405
1406
1407
1408
1409
1410
1411
1412
1413
1414
1415
1416
1417
1418
1419
1420
1421
1422
1423
1424
1425
1426
1427
1428
1429
1430
1431
1432
1433
1434
1435
1436
1437
1438
1439
1440
1441
1442
1443
1444
1445
1446
1447
1448
1449
1450
1451
1452
1453
1454
1455
1456
1457
1458
1459
1460
1461
1462
1463
1464
1465
1466
1467
1468
1469
1470
1471
1472
1473
1474
1475
1476
1477
1478
1479
1480
1481
1482
1483
1484
1485
1486
1487
1488
1489
1490
1491
1492
1493
1494
1495
1496
1497
1498
1499
1500
1501
1502
1503
1504
1505
1506
1507
1508
1509
1510
1511
1512
1513
1514
1515
1516
1517
1518
1519
1520
1521
1522
1523
1524
1525
1526
1527
1528
1529
1530
1531
1532
1533
1534
1535
1536
1537
1538
1539
1540
1541
1542
1543
1544
1545
1546
1547
1548
1549
1550
1551
1552
1553
1554
1555
1556
1557
1558
1559
1560
1561
1562
1563
1564
1565
1566
1567
1568
1569
1570
1571
1572
1573
1574
1575
1576
1577
1578
1579
1580
1581
1582
1583
1584
1585
1586
1587
1588
1589
1590
1591
1592
1593
1594
1595
1596
1597
1598
1599
1600
1601
1602
1603
1604
1605
1606
1607
1608
1609
1610
1611
1612
1613
1614
1615
1616
1617
1618
1619
1620
1621
1622
1623
1624
1625
1626
1627
1628
1629
1630
1631
1632
1633
1634
1635
1636
1637
1638
1639
1640
1641
1642
1643
1644
1645
1646
1647
1648
1649
1650
1651
1652
1653
1654
1655
1656
1657
1658
1659
1660
1661
1662
1663
1664
1665
1666
1667
1668
1669
1670
1671
1672
1673
1674
1675
1676
1677
1678
1679
1680
1681
1682
1683
1684
1685
1686
1687
1688
1689
1690
1691
1692
1693
1694
1695
1696
1697
1698
1699
1700
1701
1702
1703
1704
1705
1706
1707
1708
1709
1710
1711
1712
1713
1714
1715
1716
1717
1718
1719
1720
1721
1722
1723
1724
1725
1726
1727
1728
1729
1730
1731
1732
1733
1734
1735
1736
1737
1738
1739
1740
1741
1742
1743
1744
1745
1746
1747
1748
1749
1750
1751
1752
1753
1754
1755
1756
1757
1758
1759
1760
1761
1762
1763
1764
1765
1766
1767
1768
1769
1770
1771
1772
1773
1774
1775
1776
1777
1778
1779
1780
1781
1782
1783
1784
1785
1786
1787
1788
1789
1790
1791
1792
1793
1794
1795
1796
1797
1798
1799
1800
1801
1802
1803
1804
1805
1806
1807
1808
1809
1810
1811
1812
1813
1814
1815
1816
1817
1818
1819
1820
1821
1822
1823
1824
1825
1826
1827
1828
1829
1830
1831
1832
1833
1834
1835
1836
1837
1838
1839
1840
1841
1842
1843
1844
1845
1846
1847
1848
1849
1850
1851
1852
1853
1854
1855
1856
1857
1858
1859
1860
1861
1862
1863
1864
1865
1866
1867
1868
1869
1870
1871
1872
1873
1874
1875
1876
1877
1878
1879
1880
1881
1882
1883
1884
1885
1886
1887
1888
1889
1890
1891
1892
1893
1894
1895
1896
1897
1898
1899
1900
1901
1902
1903
1904
1905
1906
1907
1908
1909
1910
1911
1912
1913
1914
1915
1916
1917
1918
1919
1920
1921
1922
1923
1924
1925
1926
1927
1928
1929
1930
1931
1932
1933
1934
1935
1936
1937
1938
1939
1940
1941
1942
1943
1944
1945
1946
1947
1948
1949
1950
1951
1952
1953
1954
1955
1956
1957
1958
1959
1960
1961
1962
1963
1964
1965
1966
1967
1968
1969
1970
1971
1972
1973
1974
1975
1976
1977
1978
1979
1980
1981
1982
1983
1984
1985
1986
1987
1988
1989
1990
1991
1992
1993
1994
1995
1996
1997
1998
1999
2000
2001
2002
2003
2004
2005
2006
2007
2008
2009
2010
2011
2012
2013
2014
2015
2016
2017
2018
2019
2020
2021
2022
2023
2024
2025
2026
2027
2028
2029
2030
2031
2032
2033
2034
2035
2036
2037
2038
2039
2040
2041
2042
2043
2044
2045
2046
2047
2048
2049
2050
2051
2052
2053
2054
2055
2056
2057
2058
2059
2060
2061
2062
2063
2064
2065
2066
2067
2068
2069
2070
2071
2072
2073
2074
2075
2076
2077
2078
2079
2080
2081
2082
2083
2084
2085
2086
2087
2088
2089
2090
2091
2092
2093
2094
2095
2096
2097
2098
2099
2100
2101
2102
2103
2104
2105
2106
2107
2108
2109
2110
2111
2112
2113
2114
2115
2116
2117
2118
2119
2120
2121
2122
2123
2124
2125
2126
2127
2128
2129
2130
2131
2132
2133
2134
2135
2136
2137
2138
2139
2140
2141
2142
2143
2144
2145
2146
2147
2148
2149
2150
2151
2152
2153
2154
2155
2156
2157
2158
2159
2160
2161
2162
2163
2164
2165
2166
2167
2168
2169
2170
2171
2172
2173
2174
2175
2176
2177
2178
2179
2180
2181
2182
2183
2184
2185
2186
2187
2188
2189
2190
2191
2192
2193
2194
2195
2196
2197
2198
2199
2200
2201
2202
2203
2204
2205
2206
2207
2208
2209
2210
2211
2212
2213
2214
2215
2216
2217
2218
2219
2220
2221
2222
2223
2224
2225
2226
2227
2228
2229
2230
2231
2232
2233
2234
2235
2236
2237
2238
2239
2240
2241
2242
2243
2244
2245
2246
2247
2248
2249
2250
2251
2252
2253
2254
2255
2256
2257
2258
2259
2260
2261
2262
2263
2264
2265
2266
2267
2268
2269
2270
2271
2272
2273
2274
2275
2276
2277
2278
2279
2280
2281
2282
2283
2284
2285
2286
2287
2288
2289
2290
2291
2292
2293
2294
2295
2296
2297
2298
2299
2300
2301
2302
2303
2304
2305
2306
2307
2308
2309
2310
2311
2312
2313
2314
2315
2316
2317
2318
2319
2320
2321
2322
2323
2324
2325
2326
2327
2328
2329
2330
2331
2332
2333
2334
2335
2336
2337
2338
2339
2340
2341
2342
2343
2344
2345
2346
2347
2348
2349
2350
2351
2352
2353
2354
2355
2356
2357
2358
2359
2360
2361
2362
2363
2364
2365
2366
2367
2368
2369
2370
2371
2372
2373
2374
2375
2376
2377
2378
2379
2380
2381
2382
2383
2384
2385
2386
2387
2388
2389
2390
2391
2392
2393
2394
2395
2396
2397
2398
2399
2400
2401
2402
2403
2404
2405
2406
2407
2408
2409
2410
2411
2412
2413
2414
2415
2416
2417
2418
2419
2420
2421
2422
2423
2424
2425
2426
2427
2428
2429
2430
2431
2432
2433
2434
2435
2436
2437
2438
2439
2440
2441
2442
2443
2444
2445
2446
2447
2448
2449
2450
2451
2452
2453
2454
2455
2456
2457
2458
2459
2460
2461
2462
2463
2464
2465
2466
2467
2468
2469
2470
2471
2472
2473
2474
2475
2476
2477
2478
2479
2480
2481
2482
2483
2484
2485
2486
2487
2488
2489
2490
2491
2492
2493
2494
2495
2496
2497
2498
2499
2500
2501
2502
2503
2504
2505
2506
2507
2508
2509
2510
2511
2512
2513
2514
2515
2516
2517
2518
2519
2520
2521
2522
2523
2524
2525
2526
2527
2528
2529
2530
2531
2532
2533
2534
2535
2536
2537
2538
2539
2540
2541
2542
2543
2544
2545
2546
2547
2548
2549
2550
2551
2552
2553
2554
2555
2556
2557
2558
2559
2560
2561
2562
2563
2564
2565
2566
2567
2568
2569
2570
2571
2572
2573
2574
2575
2576
2577
2578
2579
2580
2581
2582
2583
2584
2585
2586
2587
2588
2589
2590
2591
2592
2593
2594
2595
2596
2597
2598
2599
2600
2601
2602
2603
2604
2605
2606
2607
2608
2609
2610
2611
2612
2613
2614
2615
2616
2617
2618
2619
2620
2621
2622
2623
2624
2625
2626
2627
2628
2629
2630
2631
2632
2633
2634
2635
2636
2637
2638
2639
2640
2641
2642
2643
2644
2645
2646
2647
2648
2649
2650
2651
2652
2653
2654
2655
2656
2657
2658
2659
2660
2661
2662
2663
2664
2665
2666
2667
2668
2669
2670
2671
2672
2673
2674
2675
2676
2677
2678
2679
2680
2681
2682
2683
2684
2685
2686
2687
2688
2689
2690
2691
2692
2693
2694
2695
2696
2697
2698
2699
2700
2701
2702
2703
2704
2705
2706
2707
2708
2709
2710
2711
2712
2713
2714
2715
2716
2717
2718
2719
2720
2721
2722
2723
2724
2725
2726
2727
2728
2729
2730
2731
2732
2733
2734
2735
2736
2737
2738
2739
2740
2741
2742
2743
2744
2745
2746
2747
2748
2749
2750
2751
2752
2753
2754
2755
2756
2757
2758
2759
2760
2761
2762
2763
2764
2765
2766
2767
2768
2769
2770
2771
2772
2773
2774
2775
2776
2777
2778
2779
2780
2781
2782
2783
2784
2785
2786
2787
2788
2789
2790
2791
2792
2793
2794
2795
2796
2797
2798
2799
2800
2801
2802
2803
2804
2805
2806
2807
2808
2809
2810
2811
2812
2813
2814
2815
2816
2817
2818
2819
2820
2821
2822
2823
2824
2825
2826
2827
2828
2829
2830
2831
2832
2833
2834
2835
2836
2837
2838
2839
2840
2841
2842
2843
2844
2845
2846
2847
2848
2849
2850
2851
2852
2853
2854
2855
2856
2857
2858
2859
2860
2861
2862
2863
2864
2865
2866
2867
2868
2869
2870
2871
2872
2873
2874
2875
2876
2877
2878
2879
2880
2881
2882
2883
2884
2885
2886
2887
2888
2889
2890
2891
2892
2893
2894
2895
2896
2897
2898
2899
2900
2901
2902
2903
2904
2905
2906
2907
2908
2909
2910
2911
2912
2913
2914
2915
2916
2917
2918
2919
2920
2921
2922
2923
2924
2925
2926
2927
2928
2929
2930
2931
2932
2933
2934
2935
2936
2937
2938
2939
2940
2941
2942
2943
2944
2945
2946
2947
2948
2949
2950
2951
2952
2953
2954
2955
2956
2957
2958
2959
2960
2961
2962
2963
2964
2965
2966
2967
2968
2969
2970
2971
2972
2973
2974
2975
2976
2977
2978
2979
2980
2981
2982
2983
2984
2985
2986
2987
2988
2989
2990
2991
2992
2993
2994
2995
2996
2997
2998
2999
3000
3001
3002
3003
3004
3005
3006
3007
3008
3009
3010
3011
3012
3013
3014
3015
3016
3017
3018
3019
3020
3021
3022
3023
3024
3025
3026
3027
3028
3029
3030
3031
3032
3033
3034
3035
3036
3037
3038
3039
3040
3041
3042
3043
3044
3045
3046
3047
3048
3049
3050
3051
3052
3053
3054
3055
3056
3057
3058
3059
3060
3061
3062
3063
3064
3065
3066
3067
3068
3069
3070
3071
3072
3073
3074
3075
3076
3077
3078
3079
3080
3081
3082
3083
3084
3085
3086
3087
3088
3089
3090
3091
3092
3093
3094
3095
3096
3097
3098
3099
3100
3101
3102
3103
3104
3105
3106
3107
3108
3109
3110
3111
3112
3113
3114
3115
3116
3117
3118
3119
3120
3121
3122
3123
3124
3125
3126
3127
3128
3129
3130
3131
3132
3133
3134
3135
3136
3137
3138
3139
3140
3141
3142
3143
3144
3145
3146
3147
3148
3149
3150
3151
3152
3153
3154
3155
3156
3157
3158
3159
3160
3161
3162
3163
3164
3165
3166
3167
3168
3169
3170
3171
3172
3173
3174
3175
3176
3177
3178
3179
3180
3181
3182
3183
3184
3185
3186
3187
3188
3189
3190
3191
3192
3193
3194
3195
3196
3197
3198
3199
3200
3201
3202
3203
3204
3205
3206
3207
3208
3209
3210
3211
3212
3213
3214
3215
3216
3217
3218
3219
3220
3221
3222
3223
3224
3225
3226
3227
3228
3229
3230
3231
3232
3233
3234
3235
3236
3237
3238
3239
3240
3241
3242
3243
3244
3245
3246
3247
3248
3249
3250
3251
3252
3253
3254
3255
3256
3257
3258
3259
3260
3261
3262
3263
3264
3265
3266
3267
3268
3269
3270
3271
3272
3273
3274
3275
3276
3277
3278
3279
3280
3281
3282
3283
3284
3285
3286
3287
3288
3289
3290
3291
3292
3293
3294
3295
3296
3297
3298
3299
3300
3301
3302
3303
3304
3305
3306
3307
3308
3309
3310
3311
3312
3313
3314
3315
3316
3317
3318
3319
3320
3321
3322
3323
3324
3325
3326
3327
3328
3329
3330
3331
3332
3333
3334
3335
3336
3337
3338
3339
3340
3341
3342
3343
3344
3345
3346
3347
3348
3349
3350
3351
3352
3353
3354
3355
3356
3357
3358
3359
3360
3361
3362
3363
3364
3365
3366
3367
3368
3369
3370
3371
3372
3373
3374
3375
3376
3377
3378
3379
3380
3381
3382
3383
3384
3385
3386
3387
3388
3389
3390
3391
3392
3393
3394
3395
3396
3397
3398
3399
3400
3401
3402
3403
3404
3405
3406
3407
3408
3409
3410
3411
3412
3413
3414
3415
3416
3417
3418
3419
3420
3421
3422
3423
3424
3425
3426
3427
3428
3429
3430
3431
3432
3433
3434
3435
3436
3437
3438
3439
3440
3441
3442
3443
3444
3445
3446
3447
3448
3449
3450
3451
3452
3453
3454
3455
3456
3457
3458
3459
3460
3461
3462
3463
3464
3465
3466
3467
3468
3469
3470
3471
3472
3473
3474
3475
3476
3477
3478
3479
3480
3481
3482
3483
3484
3485
3486
3487
3488
3489
3490
3491
3492
3493
3494
3495
3496
3497
3498
3499
3500
3501
3502
3503
3504
3505
3506
3507
3508
3509
3510
3511
3512
3513
3514
3515
3516
3517
3518
3519
3520
3521
3522
3523
3524
3525
3526
3527
3528
3529
3530
3531
3532
3533
3534
3535
3536
3537
3538
3539
3540
3541
3542
3543
3544
3545
3546
3547
3548
3549
3550
3551
3552
3553
3554
3555
3556
3557
3558
3559
3560
3561
3562
3563
3564
3565
3566
3567
3568
3569
3570
3571
3572
3573
3574
3575
3576
3577
3578
3579
3580
3581
3582
3583
3584
3585
3586
3587
3588
3589
3590
3591
3592
3593
3594
3595
3596
3597
3598
3599
3600
3601
3602
3603
3604
3605
3606
3607
3608
3609
3610
3611
3612
3613
3614
3615
3616
3617
3618
3619
3620
3621
3622
3623
3624
3625
3626
3627
3628
3629
3630
3631
3632
3633
3634
3635
3636
3637
3638
3639
3640
3641
3642
3643
3644
3645
3646
3647
3648
3649
3650
3651
3652
3653
3654
3655
3656
3657
3658
3659
3660
3661
3662
3663
3664
3665
3666
3667
3668
3669
3670
3671
3672
3673
3674
3675
3676
3677
3678
3679
3680
3681
3682
3683
3684
3685
3686
3687
3688
3689
3690
3691
3692
3693
3694
3695
3696
3697
3698
3699
3700
3701
3702
3703
3704
3705
3706
3707
3708
3709
3710
3711
3712
3713
3714
3715
3716
3717
3718
3719
3720
3721
3722
3723
3724
3725
3726
3727
3728
3729
3730
3731
3732
3733
3734
3735
3736
3737
3738
3739
3740
3741
3742
3743
3744
3745
3746
3747
3748
3749
3750
3751
3752
3753
3754
3755
3756
3757
3758
3759
3760
3761
3762
3763
3764
3765
3766
3767
3768
3769
3770
3771
3772
3773
3774
3775
3776
3777
3778
3779
3780
3781
3782
3783
3784
3785
3786
3787
3788
3789
3790
3791
3792
3793
3794
3795
3796
3797
3798
3799
3800
3801
3802
3803
3804
3805
3806
3807
3808
3809
3810
3811
3812
3813
3814
3815
3816
3817
3818
3819
3820
3821
3822
3823
3824
3825
3826
3827
3828
3829
3830
3831
3832
3833
3834
3835
3836
3837
3838
3839
3840
3841
3842
3843
3844
3845
3846
3847
3848
3849
3850
3851
3852
3853
3854
3855
3856
3857
3858
3859
3860
3861
3862
3863
3864
3865
3866
3867
3868
3869
3870
3871
3872
3873
3874
3875
3876
3877
3878
3879
3880
3881
3882
3883
3884
3885
3886
3887
3888
3889
3890
3891
3892
3893
3894
3895
3896
3897
3898
3899
3900
3901
3902
3903
3904
3905
3906
3907
3908
3909
3910
3911
3912
3913
3914
3915
3916
3917
3918
3919
3920
3921
3922
3923
3924
3925
3926
3927
3928
3929
3930
3931
3932
3933
3934
3935
3936
3937
3938
3939
3940
3941
3942
3943
3944
3945
3946
3947
3948
3949
3950
3951
3952
3953
3954
3955
3956
3957
3958
3959
3960
3961
3962
3963
3964
3965
3966
3967
3968
3969
3970
3971
3972
3973
3974
3975
3976
3977
3978
3979
3980
3981
3982
3983
3984
3985
3986
3987
3988
3989
3990
3991
3992
3993
3994
3995
3996
3997
3998
3999
4000
4001
4002
4003
4004
4005
4006
4007
4008
4009
4010
4011
4012
4013
4014
4015
4016
4017
4018
4019
4020
4021
4022
4023
4024
4025
4026
4027
4028
4029
4030
4031
4032
4033
4034
4035
4036
4037
4038
4039
4040
4041
4042
4043
4044
4045
4046
4047
4048
4049
4050
4051
4052
4053
4054
4055
4056
4057
4058
4059
4060
4061
4062
4063
4064
4065
4066
4067
4068
4069
4070
4071
4072
4073
4074
4075
4076
4077
4078
4079
4080
4081
4082
4083
4084
4085
4086
4087
4088
4089
4090
4091
4092
4093
4094
4095
4096
4097
4098
4099
4100
4101
4102
4103
4104
4105
4106
4107
4108
4109
4110
4111
4112
4113
4114
4115
4116
4117
4118
4119
4120
4121
4122
4123
4124
4125
4126
4127
4128
4129
4130
4131
4132
4133
4134
4135
4136
4137
4138
4139
4140
4141
4142
4143
4144
4145
4146
4147
4148
4149
4150
4151
4152
4153
4154
4155
4156
4157
4158
4159
4160
4161
4162
4163
4164
4165
4166
4167
4168
4169
4170
4171
4172
4173
4174
4175
4176
4177
4178
4179
4180
4181
4182
4183
4184
4185
4186
4187
4188
4189
4190
4191
4192
4193
4194
4195
4196
4197
4198
4199
4200
4201
4202
4203
4204
4205
4206
4207
4208
4209
4210
4211
4212
4213
4214
4215
4216
4217
4218
4219
4220
4221
4222
4223
4224
4225
4226
4227
4228
4229
4230
4231
4232
4233
4234
4235
4236
4237
4238
4239
4240
4241
4242
4243
4244
4245
4246
4247
4248
4249
4250
4251
4252
4253
4254
4255
4256
4257
4258
4259
4260
4261
4262
4263
4264
4265
4266
4267
4268
4269
4270
4271
4272
4273
4274
4275
4276
4277
4278
4279
4280
4281
4282
4283
4284
4285
4286
4287
4288
4289
4290
4291
4292
4293
4294
4295
4296
4297
4298
4299
4300
4301
4302
4303
4304
4305
4306
4307
4308
4309
4310
4311
4312
4313
4314
4315
4316
4317
4318
4319
4320
4321
4322
4323
4324
4325
4326
4327
4328
4329
4330
4331
4332
4333
4334
4335
4336
4337
4338
4339
4340
4341
4342
4343
4344
4345
4346
4347
4348
4349
4350
4351
4352
4353
4354
4355
4356
4357
4358
4359
4360
4361
4362
4363
4364
4365
4366
4367
4368
4369
4370
4371
4372
4373
4374
4375
4376
4377
4378
4379
4380
4381
4382
4383
4384
4385
4386
4387
4388
4389
4390
4391
4392
4393
4394
4395
4396
4397
4398
4399
4400
4401
4402
4403
4404
4405
4406
4407
4408
4409
4410
4411
4412
4413
4414
4415
4416
4417
4418
4419
4420
4421
4422
4423
4424
4425
4426
4427
4428
4429
4430
4431
4432
4433
4434
4435
4436
4437
4438
4439
4440
4441
4442
4443
4444
4445
4446
4447
4448
4449
4450
4451
4452
4453
4454
4455
4456
4457
4458
4459
4460
4461
4462
4463
4464
4465
4466
4467
4468
4469
4470
4471
4472
4473
4474
4475
4476
4477
4478
4479
4480
4481
4482
4483
4484
4485
4486
4487
4488
4489
4490
4491
4492
4493
4494
4495
4496
4497
4498
4499
4500
4501
4502
4503
4504
4505
4506
4507
4508
4509
4510
4511
4512
4513
4514
4515
4516
4517
4518
4519
4520
4521
4522
4523
4524
4525
4526
4527
4528
4529
4530
4531
4532
4533
4534
4535
4536
4537
4538
4539
4540
4541
4542
4543
4544
4545
4546
4547
4548
4549
4550
4551
4552
4553
4554
4555
4556
4557
4558
4559
4560
4561
4562
4563
4564
4565
4566
4567
4568
4569
4570
4571
4572
4573
4574
4575
4576
4577
4578
4579
4580
4581
4582
4583
4584
4585
4586
4587
4588
4589
4590
4591
4592
4593
4594
4595
4596
4597
4598
4599
4600
4601
4602
4603
4604
4605
4606
4607
4608
4609
4610
4611
4612
4613
4614
4615
4616
4617
4618
4619
4620
4621
4622
4623
4624
4625
4626
4627
4628
4629
4630
4631
4632
4633
4634
4635
4636
4637
4638
4639
4640
4641
4642
4643
4644
4645
4646
4647
4648
4649
4650
4651
4652
4653
4654
4655
4656
4657
4658
4659
4660
4661
4662
4663
4664
4665
4666
4667
4668
4669
4670
4671
4672
4673
4674
4675
4676
4677
4678
4679
4680
4681
4682
4683
4684
4685
4686
4687
4688
4689
4690
4691
4692
4693
4694
4695
4696
4697
4698
4699
4700
4701
4702
4703
4704
4705
4706
4707
4708
4709
4710
4711
4712
4713
4714
4715
4716
4717
4718
4719
4720
4721
4722
4723
4724
4725
4726
4727
4728
4729
4730
4731
4732
4733
4734
4735
4736
4737
4738
4739
4740
4741
4742
4743
4744
4745
4746
4747
4748
4749
4750
4751
4752
4753
4754
4755
4756
4757
4758
4759
4760
4761
4762
4763
4764
4765
4766
4767
4768
4769
4770
4771
4772
4773
4774
4775
4776
4777
4778
4779
4780
4781
4782
4783
4784
4785
4786
4787
4788
4789
4790
4791
4792
4793
4794
4795
4796
4797
4798
4799
4800
4801
4802
4803
4804
4805
4806
4807
4808
4809
4810
4811
4812
4813
4814
4815
4816
4817
4818
4819
4820
4821
4822
4823
4824
4825
4826
4827
4828
4829
4830
4831
4832
4833
4834
4835
4836
4837
4838
4839
4840
4841
4842
4843
4844
4845
4846
4847
4848
4849
4850
4851
4852
4853
4854
4855
4856
4857
4858
4859
4860
4861
4862
4863
4864
4865
4866
4867
4868
4869
4870
4871
4872
4873
4874
4875
4876
4877
4878
4879
4880
4881
4882
4883
4884
4885
4886
4887
4888
4889
4890
4891
4892
4893
4894
4895
4896
4897
4898
4899
4900
4901
4902
4903
4904
4905
4906
4907
4908
4909
4910
4911
4912
4913
272
1978
6603
4309
1458
5151
4354
5195
1352
1973
3693
1465
7465
8143
6700
3224
6015
7226
6628
2244
575
2662
8022
5832
4703
3015
1335
2396
1859
7035
3643
7212
632
5933
6772
987
1956
3897
1754
8008
6333
529
2859
3600
634
1759
2549
4180
3335
2924
1776
5052
1277
2368
6034
4539
4241
5643
478
789
1292
4931
7549
3231
4219
271
2831
2374
2983
6244
5571
5459
2119
4205
4901
7918
3957
4913
5432
8160
1119
1392
709
1181
7999
1485
2546
1153
5261
1843
278
3930
7282
2673
2508
5159
3713
6951
2631
1311
1442
5094
4325
7413
78
3475
5638
2395
4354
7692
4126
7877
4845
2574
3593
6511
5868
3671
2975
4001
7353
1031
5257
6450
3168
1100
2387
4171
1010
3902
6849
3949
3452
6664
3943
4277
4410
2121
1908
4703
6153
5306
4815
1162
4635
3344
3429
1082
5614
1316
5569
1955
2943
1361
4573
8101
6075
6173
5687
4755
7222
6940
808
5176
7967
5906
3185
7964
3956
856
7959
4867
6514
6273
6514
7351
8016
5692
2432
2823
2604
124
1407
5392
1862
6103
4794
5563
1388
4396
3747
135
1717
4233
3618
5001
6770
2892
1837
2737
4962
5512
6297
6222
3621
7850
1071
1748
7155
348
3843
2013
1422
2729
7169
5231
6773
7266
5321
637
91
3777
5309
5040
5847
5453
2647
359
861
2813
705
2556
6509
2464
5023
841
4874
4220
5935
5738
3438
7734
3733
2245
7676
498
7792
5704
4982
1978
6577
242
6000
1060
3757
6549
1029
815
2673
1498
456
7791
1621
1925
509
7786
5076
2298
2314
2881
6810
4864
7464
4243
7391
4038
3422
6302
5620
7972
1200
679
1819
34
7572
6300
1692
5054
2469
2041
1301
7402
411
488
7442
469
4475
1708
221
4715
5387
63
6808
6175
6281
4154
4744
4840
4508
5366
4020
1929
1163
2545
1711
790
2477
1907
2738
6068
1825
1393
5357
5792
4798
1457
5663
2931
4173
2351
1637
7332
8182
5312
1871
5454
4345
2293
3129
7219
3231
4418
7385
7170
3439
3679
1556
213
5796
8175
3350
3838
8159
4448
6305
5891
2330
3602
1189
2791
2781
187
5138
6315
5812
522
5354
3605
7136
6794
2714
2480
1101
7114
4746
7444
7620
5307
5875
1127
866
1369
1009
5924
6985
5517
4825
5659
7317
4946
8140
6842
4498
7192
7564
2954
2604
5477
7055
6652
4774
6338
4690
3430
655
5845
2544
8009
6130
5579
3827
3285
4814
3833
2410
431
1221
4034
2620
8177
2328
443
699
2419
6355
7693
6780
3657
3909
4123
5991
1164
4787
2917
3082
3422
5454
6316
50
2856
609
7768
1981
3366
3023
2070
7082
5158
3005
4549
2418
5260
3724
6547
3227
6554
6410
7523
1674
3566
7913
1907
2201
3404
7536
3643
1129
926
3696
2968
5754
7481
1914
3881
7928
3170
6479
4089
7384
2065
920
351
7972
2037
4311
3875
147
439
3742
1250
349
2947
5631
1204
4941
1989
6211
4363
3096
7728
990
3551
4589
1541
5539
7432
5709
1426
2613
6635
4893
2809
958
6232
7674
562
6115
2739
1484
3155
6647
4946
3742
7183
5486
1319
8109
7037
3221
6047
6078
7963
3969
4553
7093
2579
8005
4283
4964
1981
4457
3378
2209
7780
1943
1144
7323
8013
3990
2187
1902
6133
8061
7035
5620
2203
544
6676
6622
1022
1999
6589
4
7272
3904
7584
250
491
6857
1803
8164
5611
1490
1302
2955
6109
3723
1927
5552
3917
2010
6386
5280
5926
1944
1061
776
3630
1276
2243
4619
4304
6999
814
402
30
1282
2986
4835
6678
661
4288
2422
1828
602
4321
3587
233
7170
5964
2016
5691
5270
50
138
4205
7856
2071
1410
7632
2794
2683
7258
1401
7319
5050
7439
2117
5809
2609
1689
4891
5395
4770
449
1649
1512
5081
1587
5906
5988
7568
5588
3102
3506
5777
597
7762
5421
5658
4361
7305
1234
3205
4339
6531
1269
7976
5924
1766
3636
7035
5444
386
5290
1400
7790
4825
4965
1352
3649
3039
3097
6171
1587
7422
3861
2136
5417
3933
8055
4342
7493
866
1948
4137
3071
6262
4571
3394
6264
520
6515
5584
7178
3540
1985
5644
6436
8037
4535
4212
1109
1240
2441
6325
934
2276
6313
5582
6189
1559
5622
3955
1503
8034
3121
2735
3494
472
1200
6606
3508
5043
2646
890
7190
5272
6338
1316
3980
4892
3015
5286
2712
7046
796
1318
7381
982
3669
4925
3722
6407
5394
7256
2687
4498
3959
1375
6671
2355
732
5269
1919
2543
5829
704
6798
1622
5652
1929
845
2310
4221
1317
1841
7536
4155
5941
1127
5599
6145
2283
8039
4790
7476
5743
3788
3832
4695
7553
6499
5646
5575
351
6786
1733
6312
1513
155
1943
4639
1539
6672
4139
4801
2363
1097
3103
3148
7340
4357
6916
405
4897
5613
4522
4802
4222
6767
158
6585
1116
6089
1010
2777
6132
8036
60
3559
4926
7012
4321
843
7514
7549
2964
2428
7214
4104
7449
5817
5969
7510
847
6906
551
324
2157
7718
4430
6415
908
3718
7993
1386
614
4986
1051
4814
93
6250
1287
7186
3775
1024
7765
6971
4680
3988
3399
7317
6632
4840
7405
2051
4807
6166
6725
5267
7559
3014
5031
6741
2249
7588
1888
5742
5362
1298
1438
5480
1327
7705
2444
6092
438
4774
3517
1267
3919
1011
8142
25
19
2115
5959
5043
372
4306
5059
1794
2942
3084
1617
4585
5469
6141
2585
764
4894
6409
4163
3033
186
2269
788
1979
7760
4517
1114
4172
434
2431
2827
5307
291
560
1065
1807
7007
279
6888
5051
220
4959
3091
6002
592
4728
2220
1852
2163
3271
3027
7882
6406
1692
2024
2310
3348
1893
3828
5871
7288
1826
6725
6308
671
4121
5465
3262
143
2251
4094
6627
40
6694
7094
1689
7338
1532
6240
855
5240
436
5141
6882
2076
2368
593
7383
2698
7759
3667
5763
1705
1987
3270
3579
7695
1381
4256
4969
1292
3031
1867
7333
8171
7371
3
7941
1396
3955
639
7029
2742
7480
6355
4298
7171
1711
4245
2131
1851
1225
5950
4273
6990
6730
5588
6889
252
6524
4038
3512
4319
4644
2328
807
2732
7093
6079
1118
4534
4036
1103
6077
4787
2236
7635
5417
5827
6355
1276
5284
1966
3388
4735
2849
2413
4510
7352
2454
3309
1990
147
4690
15
1945
4524
6289
7923
6988
5557
7758
2678
3031
3865
1112
2041
4518
6878
168
3685
7570
1488
3826
1131
3601
7388
3962
5137
1193
7354
2089
5994
4011
1231
7136
676
7197
4433
3084
3913
1016
172
6267
3262
3220
2084
4462
6672
2400
7100
4079
3311
5846
3415
2148
2555
430
1822
2917
4671
3666
1313
2251
2555
5267
4673
2313
7335
922
3149
4288
564
545
4971
653
2453
7907
2234
4902
3198
1360
53
933
4204
2694
2523
5667
6373
1661
5645
4233
3841
3457
6455
419
553
7654
4786
7286
1567
5623
6889
7636
4670
1583
7355
4141
1540
5036
7713
424
5837
7904
7185
114
2785
650
7586
4438
1457
7908
624
5263
2398
1310
4162
3290
4475
5900
1002
7375
2836
3868
2413
3696
3567
1162
8036
6403
6929
8151
2466
6429
1156
4983
5911
3840
600
3274
7924
5926
6376
4429
6416
4382
5215
7186
5515
2199
7546
3949
6065
5307
2959
3825
6177
446
6094
5530
4654
6326
5575
7244
133
6573
5420
1148
3344
7156
4312
6957
6171
2235
3857
2079
6838
991
5898
7491
2138
5891
8108
6769
5071
4834
7062
6493
6988
6883
1635
5576
8161
3823
5931
1523
3090
1919
7244
5977
3525
6137
1130
925
1886
2876
6324
4546
7208
3705
3177
6042
7159
7750
1435
3969
4619
2541
820
5707
6968
266
1078
1402
1860
8021
5191
7604
2449
2748
364
5493
7419
6069
7957
2
7940
2002
6746
158
1583
5781
900
7679
6057
2183
4303
2563
46
4228
7790
4512
5163
8025
4048
2329
6944
4497
5666
2168
2633
3979
21
3128
4733
5072
5857
3650
1366
2980
3210
2843
5522
1499
8033
1883
5817
1006
5839
2401
0
334
7502
6981
5742
1272
7096
2318
573
4426
6596
3877
4995
1557
1997
3338
6674
2291
5590
4166
5276
2011
7116
2977
6939
2546
5898
3732
2159
676
291
4353
1865
6900
987
1826
1609
1296
3702
4544
5987
3625
4150
7845
7815
641
7199
3411
4993
6086
6653
3062
6942
4510
2216
152
7056
5251
5511
4756
4115
6865
3411
2125
8145
29
2589
3359
7171
5833
659
5014
2394
7125
7807
2014
6301
7416
5264
1659
4755
1264
5469
2874
6947
534
1959
3176
4026
6965
6622
5697
1261
1692
3303
6827
1888
6002
7197
2341
998
5450
1686
762
6889
4599
7591
8122
781
4514
7338
5610
7952
6426
3582
7163
2805
5738
336
5497
1121
6065
5913
133
4677
1070
1384
6021
4029
2971
6626
6938
7736
8124
7431
6227
730
3127
6839
7968
4894
166
5108
7433
5312
235
7657
4127
5338
4035
4651
1587
6733
1951
5184
7239
5986
5551
4190
4674
7857
2879
6004
1768
8002
6470
7279
4104
3059
2620
5814
759
4633
3629
3574
318
874
3340
4901
7568
5915
4937
2753
3327
1605
3237
3161
6255
1933
326
6991
586
3588
2310
7388
5237
3916
2321
3924
2691
5373
4015
1708
3113
7494
606
4665
3058
3800
4644
4026
7732
1023
2595
3993
7235
4370
3182
3694
2020
2574
4379
1989
773
2942
7066
1569
4011
2718
6725
5185
3115
4287
1079
5025
8093
1517
2402
7236
2702
3792
2268
2481
4085
464
378
6460
2664
6012
4256
7558
400
6701
4951
2887
5083
6374
7584
843
2160
383
7177
7611
7528
1539
4989
6814
1595
4438
4960
7071
3704
3867
3548
2833
5306
2772
2677
5168
4567
2635
1764
4266
90
1842
6690
3934
6196
3078
3523
6243
4782
6201
389
4684
2722
3983
3369
3242
3307
6345
5249
5075
3354
3969
459
4578
4714
3413
6717
255
4343
3655
225
4833
810
5220
7075
4496
6008
3748
3753
7536
1612
1810
482
3195
1089
7212
1250
3790
1173
2445
1261
7271
8155
969
2385
4141
4847
2969
2553
5168
2607
7224
5184
819
3304
6412
4611
872
7439
7817
1786
7802
7986
6739
6216
6864
7853
3746
4688
6673
545
1259
203
227
1058
5053
3351
3065
1072
7145
5842
5708
1001
229
6824
5288
1148
114
7017
2667
6241
3453
351
7050
7496
4675
990
8148
4687
7609
4380
7035
7799
43
2115
208
7001
6947
6597
8014
6165
2188
496
986
2188
7447
4546
3657
5327
2526
6654
35
7382
328
3199
2214
1142
812
1997
4622
7053
5177
238
5140
5760
1173
8063
4021
2791
2500
3
6196
1158
4044
4218
3426
1664
1430
6966
2845
3271
2200
5098
4631
471
5041
6916
3545
7332
5460
2876
7175
6864
4329
1389
6373
2850
3952
3748
5402
7220
872
5239
6324
875
1007
2969
5997
4140
810
7339
6700
8013
999
4948
463
714
4737
915
1832
4538
1284
6484
7237
5249
1682
1602
4853
326
4614
477
3207
7336
8150
4044
5845
4780
2878
116
6786
7162
4763
8137
7807
842
5909
1636
1236
7961
8064
215
1181
5024
644
317
1362
4358
7164
3861
8012
469
4509
2384
1413
7595
2776
3752
7328
5170
1
52
809
1105
1200
4665
3869
5028
4456
8004
1197
6698
4214
4469
2623
5694
4636
5662
7606
7369
3055
3981
3827
6581
1918
6437
923
5285
1076
4532
2075
3555
4224
0
4586
1945
7730
1443
5902
3909
5673
5145
7906
7015
3883
6168
4118
4476
3092
3871
8183
2096
1331
6994
1777
6608
241
2437
7762
6910
8115
7575
2896
2472
7938
6401
6990
2107
6122
4014
5467
6419
7327
7950
1276
3639
6503
7014
555
323
7347
1898
6815
1957
2703
2573
78
5900
7997
5784
305
3614
1309
6905
3143
5482
465
2142
2012
3229
7837
2563
7435
6136
4116
7752
7298
513
241
1543
133
1401
1091
7716
4150
5007
4813
5990
2067
2643
6060
133
3008
3949
4154
5764
1287
783
819
3904
5149
7976
4886
4682
5414
5851
4046
5106
7932
2607
2962
1700
7980
520
5898
5752
5954
2134
2227
772
8007
4236
4996
2933
4487
1108
4306
222
920
2176
369
4815
4247
3652
2588
2602
6325
1187
3862
1586
6642
7720
4882
4069
1577
7894
7505
6028
6733
1633
2826
4240
6898
2719
4110
8079
6671
5689
2732
3759
2562
8102
3794
7218
468
3162
3190
5963
5823
5178
5428
7984
3821
6484
1337
6257
4483
1997
4959
3208
6110
4634
3225
1969
1052
7539
7826
2300
223
4741
5521
6304
3661
1640
4512
6290
92
4048
5869
854
4684
7303
7536
3350
4981
6939
974
6897
4418
3284
2430
1173
638
5096
5162
5136
6094
4594
1112
6115
5503
2721
7497
7000
6786
7853
1057
6422
6325
4880
6729
7155
613
6258
5906
521
4368
1765
1179
5644
2415
466
1012
4827
179
6195
7299
1364
1808
5379
6823
109
7032
5107
412
6016
3241
3679
5279
4839
2921
5248
6994
4809
4624
1763
1377
5171
1352
1050
4454
3179
4625
7857
6922
3713
3336
3940
5229
3878
5864
6030
3785
6849
2641
2021
5714
4544
5832
8037
1376
7980
3328
5770
4815
7553
87
2754
8102
7612
420
7714
2040
1205
5936
8024
6920
4783
5634
3553
7856
2350
96
3708
516
777
3474
990
818
4799
7913
8103
3245
6926
1536
8085
3466
5570
66
2807
4394
7372
2988
1125
6681
2451
6356
943
1078
7823
7723
3091
4628
3859
4223
4787
2465
6506
1220
2374
1029
1830
7955
269
5325
1973
4851
6664
3145
6453
6360
4715
6450
5001
7401
2636
3472
2477
2822
3998
2779
5446
7178
1634
6497
126
2125
284
3815
526
878
7556
2195
8092
1359
6527
7178
2632
1120
5197
981
2434
1313
4100
2825
2078
738
1853
7207
6058
5581
2829
5953
7679
6695
7479
4958
278
7379
6815
3872
1309
4376
2562
5284
4298
5028
741
5290
3056
7888
203
7414
3152
5157
5803
3574
1201
7967
5793
5028
2611
5426
484
1454
992
5899
5368
4820
6276
5912
1061
7058
3774
2378
7207
0
4952
26
6951
1270
6612
6858
5610
5235
2887
2285
7497
7488
5995
1833
6113
5584
7151
6460
1035
1643
5649
1341
5647
7820
4719
5156
1684
6535
3866
7053
1371
5742
1005
5305
1069
1846
1309
1238
3602
6934
5136
6784
7876
2096
4723
1159
3683
6259
2951
1523
1386
7616
1979
2885
3298
4427
7808
1280
3798
581
6745
2920
6918
6072
817
3978
991
2482
754
7548
1963
5541
6227
5094
6662
4622
3058
5313
401
1365
7074
4959
7658
1012
4102
940
2523
6620
4191
3763
3537
788
2210
4196
5776
6052
5582
660
1062
3761
3196
6469
1309
7401
3511
5160
4597
4642
7695
2400
7378
6717
4841
3465
2417
1361
2585
7417
352
6918
8115
2629
6255
7486
5661
5639
5474
7675
1129
5087
4840
3197
7906
184
3281
7594
3557
3661
3451
5043
1779
2027
3981
2293
7171
5240
2024
541
5405
6580
3035
2960
2084
1215
1942
1546
756
7132
6370
1668
7085
7540
527
3420
6989
4190
2349
6320
5765
2397
6015
5642
2245
2538
3372
5955
1434
7220
7480
3745
5177
4198
1459
5699
2396
7976
6192
1727
4940
5480
1657
265
3135
3418
1921
3991
1765
6333
2202
706
2366
97
7912
3184
2478
7398
3350
7920
595
3270
4423
4901
3734
2966
3920
6631
1792
3720
2852
7334
3920
2613
1935
4432
2762
1433
7464
1397
2769
7775
7553
1194
3000
607
5792
7723
5078
614
2739
3524
2264
565
4095
3057
3931
2508
3354
2372
2235
7144
1370
6407
805
5578
2445
3875
4084
7226
234
5440
5178
6604
7752
6958
1948
4706
5518
1667
5476
4082
1387
1414
5073
3209
2375
2380
1457
7568
1913
2849
6706
1103
4026
298
7926
1967
7641
1608
6245
6980
5297
6462
5191
6026
1369
5911
2706
1903
5786
5314
128
3858
166
7168
485
4043
4358
3968
1216
3435
2773
6727
2832
6341
5932
3670
5865
877
6621
5767
1222
191
7780
8121
33
6179
4378
7468
1601
3216
6316
3118
2900
7503
972
6904
5565
1026
7974
5843
943
5092
1942
1407
3835
7762
3224
3540
806
139
5888
5034
6591
7860
2027
2807
4335
4127
1013
1591
4178
204
7852
1041
4101
3120
6725
55
5633
5430
3982
2958
7591
8068
4644
3983
7579
3583
1254
237
8150
2705
4777
1399
8183
6954
7982
4417
986
2052
1105
7934
620
5932
3970
1969
3262
318
4985
7557
3416
879
550
3576
4559
4817
743
3903
4762
5331
6398
7398
3361
263
3650
1976
1047
4137
5652
7390
6666
7260
7317
2123
6712
5814
5655
5719
933
5631
721
6313
2666
694
6870
4699
848
1109
5704
3929
3485
5079
1480
2826
3886
6006
3890
2611
5830
3001
647
3096
6310
7598
6955
5860
6494
6772
337
842
6882
6141
8115
2925
8160
6930
390
253
6481
7832
3245
3747
4687
17
3117
2208
3622
5478
7905
4273
3245
4067
7791
4405
2263
4227
4730
5009
1413
4462
1049
5588
7326
2240
1416
919
1122
2188
542
5672
7931
33
2687
8167
2133
651
4371
1775
5680
5725
2743
4857
7796
4782
1970
4734
6084
3426
6378
6940
2133
7851
5464
2363
5889
7630
5049
752
4759
6955
3206
546
886
7032
6183
2539
7002
6221
7524
2880
6005
2533
1052
7381
2242
7715
57
2619
5782
211
2275
7755
3960
6451
4084
3272
7218
177
3500
8000
2344
5879
5287
2355
6633
5925
523
1912
6916
4701
7686
3803
1565
4997
120
3595
3135
4168
3564
1716
6772
2910
205
488
3219
3086
4823
963
602
3825
6859
591
2748
5112
4711
933
6524
3504
6293
1877
6907
5573
995
7944
6735
2758
6451
6756
3476
6951
6835
2608
7303
396
784
7865
5457
5701
231
1396
928
6676
1661
2532
7676
7735
431
7614
7513
3490
4140
3148
4840
7053
993
7439
4147
6958
2997
2472
5481
1224
5239
2809
6646
3044
5652
391
855
2782
270
7458
7725
1956
41
1993
3472
5563
616
6088
1189
6531
311
3363
7795
4283
5866
7735
2034
1095
6502
6047
4197
1841
3358
4949
5098
1775
1090
2841
5200
4324
7730
2583
5160
4393
6969
452
2079
3724
6264
1545
4747
2009
2080
5283
7491
5721
6629
3018
1460
6553
1967
5136
3889
4204
6802
397
3979
819
7168
4153
2530
860
1853
8089
3002
1065
3860
4510
81
4275
3017
4298
3633
814
1358
404
4865
366
3513
782
4512
682
8182
709
1653
641
5817
2024
5632
1338
4023
6573
2485
4432
3862
1265
3851
558
5922
1311
3280
6199
2113
5202
703
2569
7465
1726
1876
6915
5968
5452
6111
6917
4004
7044
3800
4982
8061
3248
5234
1420
5584
1086
7538
7623
3237
5479
3138
191
4811
7694
2113
5408
7626
235
8030
3827
6169
2792
1509
31
8081
1995
2200
4655
2082
2582
1282
3413
5829
2603
7176
4271
2225
180
4801
8138
6866
66
5512
2405
1399
4660
4431
2935
75
6875
5942
6259
646
2268
7772
458
4964
5077
6132
2993
7895
3651
2460
3622
632
3747
491
1837
1732
5079
6985
608
6277
2252
260
6566
5774
2906
2720
4931
1963
6763
366
273
3288
3936
1120
1292
945
1712
7707
7956
3370
7122
334
2031
3200
7262
8002
7566
4720
5743
3251
1169
2214
1611
2271
781
4472
1862
6876
6284
4052
3043
6446
5973
2935
317
3993
750
1376
421
5940
6112
4229
6797
5311
186
708
2469
4406
7256
4636
5443
166
6501
4637
1032
2880
2847
1437
6081
3244
7002
6317
3979
7584
7624
5836
5435
7088
2167
4442
6652