272
954
459
213
434
31
258
75
328
949
621
441
297
975
556
152
895
58
484
196
575
614
854
712
607
967
311
348
835
891
571
44
632
813
628
987
932
825
730
840
189
529
811
528
634
735
501
84
263
876
752
956
253
320
914
443
145
523
478
789
268
835
381
159
123
271
783
326
935
100
451
339
71
109
805
750
885
817
312
992
95
368
709
157
831
461
498
129
141
819
278
858
114
625
460
39
641
807
583
287
418
998
229
245
78
403
518
347
258
524
30
709
749
526
521
367
748
599
927
929
185
7
137
306
96
76
339
75
1010
830
705
877
380
520
871
181
314
73
884
607
9
186
719
138
539
272
357
58
494
292
449
931
895
337
477
933
955
29
567
659
54
796
808
56
799
786
113
796
884
856
791
771
370
129
370
183
848
572
384
775
556
124
383
272
838
983
698
443
364
300
675
135
693
137
546
905
626
844
813
689
866
392
153
78
549
682
47
724
1011
348
771
989
398
681
1
111
629
98
201
637
91
705
189
944
727
333
599
359
861
765
705
508
365
416
927
841
778
124
815
618
366
566
661
197
508
498
624
584
886
954
433
242
880
36
685
405
5
815
625
474
456
623
597
901
509
618
980
250
266
833
666
768
296
147
223
966
350
158
500
804
176
679
795
34
404
156
668
958
421
1017
277
234
411
488
274
469
379
684
221
619
267
63
664
31
137
58
648
744
412
246
948
905
139
497
687
790
429
883
690
948
801
369
237
672
702
433
543
883
77
303
613
164
1014
192
847
334
249
245
57
51
159
322
217
2
367
607
532
213
676
1007
278
766
991
352
161
771
282
530
165
743
733
187
18
171
692
522
234
533
992
650
666
432
77
970
650
276
452
187
755
103
866
345
1009
804
841
397
729
539
149
850
972
698
402
24
396
906
556
357
911
508
678
194
594
358
655
725
496
841
1010
459
755
213
718
761
362
431
197
962
572
1009
280
443
699
371
211
525
636
585
837
27
871
140
691
869
10
350
334
172
50
808
609
600
957
294
975
22
938
38
957
453
370
140
652
403
155
410
266
355
650
494
745
883
153
332
368
571
105
926
624
920
634
313
890
809
760
98
335
1017
216
17
920
351
804
1013
215
803
147
439
670
226
349
899
511
180
845
965
67
267
24
560
990
479
493
517
419
264
589
402
565
491
797
761
958
88
506
562
995
691
460
83
503
850
670
15
366
295
941
893
149
927
958
795
897
457
949
531
837
187
868
957
361
306
161
612
919
120
155
845
918
139
878
1013
893
891
500
155
544
532
478
1022
975
445
4
104
832
416
250
491
713
779
996
491
466
278
907
989
651
903
432
845
986
242
160
806
920
37
776
558
252
195
523
208
855
814
402
30
258
938
739
534
661
192
374
804
602
225
515
233
2
844
992
571
150
50
138
109
688
23
386
464
746
635
90
377
151
954
271
69
689
561
665
795
275
674
449
625
488
985
563
786
868
400
468
30
434
657
597
594
301
538
265
137
210
133
243
387
245
808
804
742
564
891
324
386
170
376
622
729
869
328
577
991
25
27
563
254
789
88
297
861
887
246
325
866
924
41
1023
118
475
322
120
520
371
464
10
468
961
524
292
869
439
116
85
216
393
181
934
228
169
462
45
535
502
883
479
866
49
687
422
472
176
462
436
947
598
890
22
152
194
292
908
796
967
166
664
902
796
294
213
982
597
829
650
263
274
88
639
402
887
351
527
307
732
149
895
495
709
704
654
598
532
905
845
262
125
293
817
368
59
821
103
479
1
235
871
694
308
623
716
760
599
385
355
526
455
351
642
709
168
489
155
919
543
515
528
43
705
315
73
31
76
172
261
772
405
801
493
426
706
126
623
158
441
92
969
1010
729
1012
868
60
487
830
868
225
843
346
381
916
380
46
8
281
697
849
342
847
762
551
324
109
550
334
271
908
646
825
362
614
890
27
718
93
106
263
18
703
0
597
827
584
916
327
149
488
744
237
3
711
22
581
147
391
966
935
597
201
420
864
622
242
274
414
360
303
537
396
972
438
678
445
243
847
1011
974
25
19
67
839
947
372
210
963
770
894
12
593
489
349
1021
537
764
798
265
67
985
186
221
788
955
592
421
90
76
434
383
779
187
291
560
41
783
863
279
744
955
220
863
19
882
592
632
172
828
115
199
979
714
262
668
1000
262
276
869
756
751
120
802
581
164
671
25
345
190
143
203
1022
483
40
550
950
665
170
508
96
855
120
436
21
738
28
320
593
215
650
591
595
643
681
963
198
507
527
357
160
873
268
983
843
165
1003
203
3
773
372
883
639
885
694
312
211
202
3
687
149
83
827
201
830
177
846
586
468
745
252