272
1978
459
213
1458
1055
258
1099
1352
1973
1645
1465
1321
1999
556
1176
1919
1082
484
196
575
614
1878
1736
607
967
1335
348
1859
891
1595
1068
632
1837
628
987
1956
1849
1754
1864
189
529
811
1552
634
1759
501
84
1287
876
1776
956
1277
320
1938
443
145
1547
478
789
1292
835
1405
1183
123
271
783
326
935
100
1475
1363
71
109
805
1774
1909
817
1336
2016
1119
1392
709
1181
1855
1485
498
1153
1165
1843
278
1882
1138
625
460
1063
1665
807
583
1311
1442
998
229
1269
78
1427
1542
347
258
1548
30
1733
749
526
1545
367
1772
1623
927
1953
1209
1031
1161
306
1120
1100
339
75
1010
1854
705
1901
1404
520
1895
181
314
73
1908
607
9
1210
719
1162
539
1296
1381
1082
1518
1316
1473
1955
895
1361
477
1957
1979
29
1591
659
1078
796
808
1080
1823
1810
1137
1820
1908
856
1815
771
370
129
370
1207
1872
1596
384
775
556
124
1407
1296
1862
2007
698
1467
1388
300
1699
135
1717
137
1570
905
626
844
1837
689
866
1416
153
78
1573
1706
1071
1748
1011
348
1795
2013
1422
681
1025
1135
629
1122
1225
637
91
1729
1213
944
1751
1357
599
359
861
765
705
508
365
416
927
841
778
124
1839
1642
1390
1590
1685
197
1532
498
1648
1608
886
1978
433
242
1904
1060
1709
405
1029
815
625
1498
456
1647
1621
1925
509
1642
980
250
266
833
666
768
1320
147
1247
1990
1374
158
1524
1828
1200
679
1819
34
1428
156
1692
958
421
2041
1301
1258
411
488
1298
469
379
1708
221
619
1291
63
664
31
137
58
648
744
412
1270
1972
1929
1163
497
1711
790
429
1907
690
1972
1825
1393
1261
1696
702
1457
1567
883
77
303
1637
1188
2038
1216
1871
1358
249
245
1081
1075
1183
322
1241
1026
1391
1631
1556
213
1700
2031
1302
1790
2015
352
161
1795
282
1554
1189
743
733
187
1042
171
1716
522
1258
1557
992
650
666
432
1101
970
650
1300
1476
1211
1779
1127
866
1369
1009
1828
841
1421
729
1563
1173
850
1996
698
402
1048
1420
906
556
1381
911
508
678
194
594
1382
655
1749
496
1865
2034
1483
1779
1237
718
1785
362
431
1221
1986
572
2033
280
443
699
371
211
1549
636
1609
1861
27
1895
1164
691
869
1034
1374
1358
172
50
808
609
1624
1981
1318
975
22
938
1062
957
453
370
1164
1676
403
1179
410
266
1379
1674
1518
1769
1907
153
1356
1392
1595
1129
926
1648
920
1658
1337
1914
1833
1784
1122
335
2041
1240
17
920
351
1828
2037
215
1827
147
439
1694
1250
349
899
1535
1204
845
1989
67
267
1048
1584
990
1503
493
1541
1443
1288
1613
1426
565
491
797
761
958
88
1530
562
2019
691
1484
1107
503
850
1694
1039
1390
1319
1965
893
1173
1951
1982
1819
1921
457
949
531
1861
187
868
1981
361
1330
161
1636
1943
1144
1179
1869
1942
139
1902
2037
1917
891
1524
155
544
532
478
1022
1999
445
4
1128
1856
1440
250
491
713
1803
2020
1515
1490
1302
907
2013
1675
1927
1456
1869
2010
242
1184
1830
1944
1061
776
1582
1276
195
523
208
855
814
402
30
1282
938
739
534
661
192
374
1828
602
225
1539
233
1026
1868
2016
1595
1174
50
138
109
1712
23
1410
1488
746
635
1114
1401
1175
954
1295
69
1713
561
1689
795
1299
674
449
1649
1512
985
1587
1810
1892
1424
1492
1054
1458
1681
597
1618
1325
1562
265
1161
1234
1157
243
387
1269
1832
1828
1766
1588
891
1348
386
1194
1400
1646
729
869
1352
1601
991
1049
27
1587
1278
1813
88
1321
1885
1911
246
1349
866
1948
41
1023
118
475
1346
120
520
371
1488
1034
1492
1985
1548
292
1893
439
116
1109
1240
393
181
934
228
169
1486
45
1559
1526
1907
1503
1890
1073
687
1446
472
1200
462
1460
947
598
890
1046
1176
194
1316
1932
796
967
1190
664
902
796
1318
1237
982
1621
829
1674
263
1298
1112
639
402
1911
1375
527
307
732
1173
1919
495
1733
704
654
1622
1556
1929
845
262
125
1317
1841
1392
59
1845
1127
1503
1
235
1895
694
1332
1647
1740
1784
599
1409
355
1550
1479
351
642
1733
168
1513
155
1943
543
1539
528
43
705
315
1097
1055
1100
1196
261
772
405
801
1517
426
706
126
623
158
441
1116
1993
1010
729
2036
1892
60
1511
830
868
225
843
1370
1405
916
380
1070
8
1305
1721
1873
1366
847
762
551
324
109
1574
334
271
908
1670
1849
1386
614
890
1051
718
93
106
1287
1042
1727
1024
1621
827
584
1940
1351
1173
488
744
1261
3
711
22
581
1171
1415
966
935
597
201
1444
1888
1646
1266
1298
1438
1384
1327
1561
396
1996
438
678
1469
1267
1871
1011
1998
25
19
67
1863
947
372
210
963
1794
894
1036
1617
489
1373
2045
537
764
798
265
67
985
186
221
788
1979
1616
421
1114
76
434
383
779
1211
291
560
1065
1807
863
279
744
955
220
863
1043
1906
592
632
172
1852
115
1223
979
1738
262
1692
2024
262
1300
1893
1780
1775
1144
1826
581
164
671
25
1369
1214
143
203
2046
483
40
550
950
1689
1194
1532
96
855
1144
436
1045
738
28
320
593
1239
650
1615
1619
1667
1705
1987
1222
1531
1551
1381
160
873
1292
983
1867
1189
2027
1227
3
1797
1396
1907
639
885
694
1336
211
202
1027
1711
149
83
1851
1225
1854
177
846
586
1492
745
252
380
1990
1464
223
548
280
807
684
949
1983
1118
438
1988
1103
1981
691
188
1491
1321
1731
211
1276
1188
1966
1340
639
801
365
414
1208
406
1261
1990
147
594
15
1945
428
145
1779
844
1461
1614
630
983
1817
1112
2041
422
734
168
1637
1426
1488
1778
1131
1553
1244
1914
1041
1193
1210
41
1898
1963
1231
992
676
1053
337
1036
1865
1016
172
123
1214
1172
36
366
528
352
956
2031
1263
1750
1367
100
507
430
1822
869
575
1618
1313
203
507
1171
577
265
1191
922
1101
192
564
545
875
653
405
1763
186
806
1150
1360
53
933
108
646
475
1571
229
1661
1549
137
1793
1409
311
419
553
1510
690
1142
1567
1527
745
1492
574
1583
1211
45
1540
940
1569
424
1741
1760
1041
114
737
650
1442
342
1457
1764
624
1167
350
1310
66
1242
379
1804
1002
1231
788
1820
365
1648
1519
1162
1892
259
785
2007
418
285
1156
887
1815
1792
600
1226
1780
1830
232
333
272
286
1119
1042
1419
151
1402
1901
1969
1211
911
1777
33
446
1998
1434
558
182
1479
1100
133
429
1324
1148
1296
1012
216
813
27
187
1809
31
694
991
1802
1347
90
1795
1964
625
975
738
918
349
844
739
1635
1480
2017
1775
1835
1523
1042
1919
1100
1881
1477
2041
1130
925
1886
828
180
450
1064
1657
1129
1946
1015
1606
1435
1921
523
493
820
1611
824
266
1078
1402
1860
1877
1095
1460
401
700
364
1397
1275
1973
1813
2
1796
2002
602
158
1583
1685
900
1535
1961
135
207
515
46
132
1646
416
1067
1881
2000
281
800
401
1570
120
585
1931
21
1080
637
976
1761
1602
1366
932
1162
795
1426
1499
1889
1883
1721
1006
1743
353
0
334
1358
837
1646
1272
952
270
573
330
452
1829
899
1557
1997
1290
530
243
1494
70
1180
2011
972
929
795
498
1802
1684
111
676
291
257
1865
756
987
1826
1609
1296
1654
448
1891
1577
54
1701
1671
641
1055
1363
897
1990
509
1014
798
414
168
152
912
1155
1415
660
19
721
1363
77
2001
29
541
1311
1027
1737
659
918
346
981
1663
2014
157
1272
1168
1659
659
1264
1373
826
803
534
1959
1128
1978
821
478
1601
1261
1692
1255
683
1888
1906
1053
293
998
1354
1686
762
745
503
1447
1978
781
418
1194
1514
1808
282
1534
1019
757
1642
336
1401
1121
1969
1817
133
581
1070
1384
1925
1981
923
482
794
1592
1980
1287
83
730
1079
695
1824
798
166
1012
1289
1216
235
1513
31
1242
1987
555
1587
589
1951
1088
1095
1890
1455
94
578
1713
831
1908
1768
1858
326
1135
8
1011
572
1718
759
537
1581
1526
318
874
1292
805
1424
1819
841
705
1279
1605
1189
1113
111
1933
326
847
586
1540
262
1244
1141
1868
273
1876
643
1277
1967
1708
1065
1350
606
569
1010
1752
548
1978
1588
1023
547
1945
1091
274
1134
1646
2020
526
283
1989
773
894
922
1569
1963
670
581
1089
1067
191
1079
929
1949
1517
354
1092
654
1744
220
433
2037
464
378
316
616
1916
160
1414
400
557
855
839
987
230
1440
843
112
383
1033
1467
1384
1539
893
670
1595
342
864
927
1656
1819
1500
785
1210
724
629
1072
471
587
1764
170
90
1842
546
1886
52
1030
1475
99
686
57
389
588
674
1935
1321
1194
1259
201
1153
979
1306
1921
459
482
618
1365
573
255
247
1607
225
737
810
1124
931
400
1912
1700
1705
1392
1612
1810
482
1147
1089
1068
1250
1742
1173
397
1261
1127
2011
969
337
45
751
921
505
1072
559
1080
1088
819
1256
268
515
872
1295
1673
1786
1658
1842
595
72
720
1709
1698
592
529
545
1259
203
227
1058
957
1303
1017
1072
1001
1746
1612
1001
229
680
1192
1148
114
873
619
97
1405
351
906
1352
579
990
2004
591
1465
284
891
1655
43
67
208
857
803
453
1870
21
140
496
986
140
1303
450
1609
1231
478
510
35
1238
328
1151
166
1142
812
1997
526
909
1081
238
1044
1664
1173
1919
1973
743
452
3
52
1158
1996
122
1378
1664
1430
822
797
1223
152
1002
535
471
945
772
1497
1188
1364
828
1031
720
233
1389
229
802
1904
1700
1306
1076
872
1143
180
875
1007
921
1901
44
810
1195
556
1869
999
852
463
714
641
915
1832
442
1284
340
1093
1153
1682
1602
757
326
518
477
1159
1192
2006
1996
1749
684
830
116
642
1018
667
1993
1663
842
1813
1636
1236
1817
1920
215
1181
928
644
317
1362
262
1020
1813
1868
469
413
336
1413
1451
728
1704
1184
1074
1
52
809
1105
1200
569
1821
932
360
1860
1197
554
118
373
575
1598
540
1566
1462
1225
1007
1933
1779
437
1918
293
923
1189
1076
436
27
1507
128
0
490
1945
1586
1443
1806
1861
1577
1049
1762
871
1835
24
22
380
1044
1823
2039
48
1331
850
1777
464
241
389
1618
766
1971
1431
848
424
1794
257
846
59
2026
1966
1371
275
1183
1806
1276
1591
359
870
555
323
1203
1898
671
1957
655
525
78
1804
1853
1688
305
1566
1309
761
1095
1386
465
94
2012
1181
1693
515
1291
2040
20
1608
1154
513
241
1543
133
1401
1091
1572
54
911
717
1894
19
595
1964
133
960
1901
58
1668
1287
783
819
1856
1053
1832
790
586
1318
1755
1998
1010
1788
559
914
1700
1836
520
1802
1656
1858
86
179
772
1863
140
900
885
391
1108
210
222
920
128
369
719
151
1604
540
554
181
1187
1814
1586
498