1228
1227
1226
1225
1224
1223
1222
1221
1220
1219
1218
1217
1216
1215
1214
1213
1212
1211
1210
1209
1208
1207
1206
1205
1204
1203
1202
1201
1200
1199
1198
1197
1196
1195
1194
1193
1192
1191
1190
1189
1188
1187
1186
1185
1184
1183
1182
1181
1180
1179
1178
1177
1176
1175
1174
1173
1172
1171
1170
1169
1168
1167
1166
1165
1164
1163
1162
1161
1160
1159
1158
1157
1156
1155
1154
1153
1152
1151
1150
1149
1148
1147
1146
1145
1144
1143
1142
1141
1140
1139
1138
1137
1136
1135
1134
1133
1132
1131
1130
1129
1128
1127
1126
1125
1124
1123
1122
1121
1120
1119
1118
1117
1116
1115
1114
1113
1112
1111
1110
1109
1108
1107
1106
1105
1104
1103
1102
1101
1100
1099
1098
1097
1096
1095
1094
1093
1092
1091
1090
1089
1088
1087
1086
1085
1084
1083
1082
1081
1080
1079
1078
1077
1076
1075
1074
1073
1072
1071
1070
1069
1068
1067
1066
1065
1064
1063
1062
1061
1060
1059
1058
1057
1056
1055
1054
1053
1052
1051
1050
1049
1048
1047
1046
1045
1044
1043
1042
1041
1040
1039
1038
1037
1036
1035
1034
1033
1032
1031
1030
1029
1028
1027
1026
1025
1024
1023
1022
1021
1020
1019
1018
1017
1016
1015
1014
1013
1012
1011
1010
1009
1008
1007
1006
1005
1004
1003
1002
1001
1000
999
998
997
996
995
994
993
992
991
990
989
988
987
986
985
984
983
982
981
980
979
978
977
976
975
974
973
972
971
970
969
968
967
966
965
964
963
962
961
960
959
958
957
956
955
954
953
952
951
950
949
948
947
946
945
944
943
942
941
940
939
938
937
936
935
934
933
932
931
930
929
928
927
926
925
924
923
922
921
920
919
918
917
916
915
914
913
912
911
910
909
908
907
906
905
904
903
902
901
900
899
898
897
896
895
894
893
892
891
890
889
888
887
886
885
884
883
882
881
880
879
878
877
876
875
874
873
872
871
870
869
868
867
866
865
864
863
862
861
860
859
858
857
856
855
854
853
852
851
850
849
848
847
846
845
844
843
842
841
840
839
838
837
836
835
834
833
832
831
830
829
828
827
826
825
824
823
822
821
820
819
818
817
816
815
814
813
812
811
810
809
808
807
806
805
804
803
802
801
800
799
798
797
796
795
794
793
792
791
790
789
788
787
786
785
784
783
782
781
780
779
778
777
776
775
774
773
772
771
770
769
768
767
766
765
764
763
762
761
760
759
758
757
756
755
754
753
752
751
750
749
748
747
746
745
744
743
742
741
740
739
738
737
736
735
734
733
732
731
730
729
728
727
726
725
724
723
722
721
720
719
718
717
716
715
714
713
712
711
710
709
708
707
706
705
704
703
702
701
700
699
698
697
696
695
694
693
692
691
690
689
688
687
686
685
684
683
682
681
680
679
678
677
676
675
674
673
672
671
670
669
668
667
666
665
664
663
662
661
660
659
658
657
656
655
654
653
652
651
650
649
648
647
646
645
644
643
642
641
640
639
638
637
636
635
634
633
632
631
630
629
628
627
626
625
624
623
622
621
620
619
618
617
616
615
614
613
612
611
610
609
608
607
606
605
604
603
602
601
600
599
598
597
596
595
594
593
592
591
590
589
588
587
586
585
584
583
582
581
580
579
578
577
576
575
574
573
572
571
570
569
568
567
566
565
564
563
562
561
560
559
558
557
556
555
554
553
552
551
550
549
548
547
546
545
544
543
542
541
540
539
538
537
536
535
534
533
532
531
530
529
528
527
526
525
524
523
522
521
520
519
518
517
516
515
514
513
512
511
510
509
508
507
506
505
504
503
502
501
500
499
498
497
496
495
494
493
492
491
490
489
488
487
486
485
484
483
482
481
480
479
478
477
476
475
474
473
472
471
470
469
468
467
466
465
464
463
462
461
460
459
458
457
456
455
454
453
452
451
450
449
448
447
446
445
444
443
442
441
440
439
438
437
436
435
434
433
432
431
430
429
428
427
426
425
424
423
422
421
420
419
418
417
416
415
414
413
412
411
410
409
408
407
406
405
404
403
402
401
400
399
398
397
396
395
394
393
392
391
390
389
388
387
386
385
384
383
382
381
380
379
378
377
376
375
374
373
372
371
370
369
368
367
366
365
364
363
362
361
360
359
358
357
356
355
354
353
352
351
350
349
348
347
346
345
344
343
342
341
340
339
338
337
336
335
334
333
332
331
330
329
328
327
326
325
324
323
322
321
320
319
318
317
316
315
314
313
312
311
310
309
308
307
306
305
304
303
302
301
300
299
298
297
296
295
294
293
292
291
290
289
288
287
286
285
284
283
282
281
280
279
278
277
276
275
274
273
272
271
270
269
268
267
266
265
264
263
262
261
260
259
258
257
256
255
254
253
252
251
250
249
248
247
246
245
244
243
242
241
240
239
238
237
236
235
234
233
232
231
230
229
228
227
226
225
224
223
222
221
220
219
218
217
216
215
214
213
212
211
210
209
208
207
206
205
204
203
202
201
200
199
198
197
196
195
194
193
192
191
190
189
188
187
186
185
184
183
182
181
180
179
178
177
176
175
174
173
172
171
170
169
168
167
166
165
164
163
162
161
160
159
158
157
156
155
154
153
152
151
150
149
148
147
146
145
144
143
142
141
140
139
138
137
136
135
134
133
132
131
130
129
128
127
126
125
124
123
122
121
120
119
118
117
116
115
114
113
112
111
110
109
108
107
106
105
104
103
102
101
100
99
98
97
96
95
94
93
92
91
90
89
88
87
86
85
84
83
82
81
80
79
78
77
76
75
74
73
72
71
70
69
68
67
66
65
64
63
62
61
60
59
58
57
56
55
54
53
52
51
50
49
48
47
46
45
44
43
42
41
40
39
38
37
36
35
34
33
32
31
30
29
28
27
26
25
24
23
22
21
20
19
18
17
16
15
14
13
12
11
10
9
8
7
6
5
4
3
2
1
275
439
1940
1749
1532
885
1322
219
1480
1969
1497
1509
932
113
220
82
65
1076
266
1193
1751
1759
509
559
874
1786
115
440
1612
796
500
1725
227
932
1974
1711
1964
1194
189
651
1408
1078
1862
1711
1046
175
1382
1260
1482
918
1263
1244
1180
1140
1683
1653
636
16
1100
735
1733
2022
763
1923
1287
1493
1871
1893
265
24
488
1715
1038
375
1724
1182
1880
446
954
1896
2027
623
686
1726
1939
948
613
73
1832
1431
785
640
1553
373
494
448
775
1968
38
926
539
1445
243
1148
1019
2014
771
858
625
1160
288
2031
1580
551
1552
1784
451
1672
1978
209
1527
503
1419
1602
825
691
1560
1947
1132
1183
5
515
1771
314
549
1805
974
977
1762
652
1641
1524
1760
681
1046
38
1757
1586
309
728
1244
1333
1904
921
130
1998
324
647
704
1853
1724
1033
178
1339
1920
704
1479
1423
1551
1466
291
1500
73
1769
577
1981
304
1492
221
275
2031
653
1041
1694
28
1251
1214
1227
1850
984
1837
717
898
342
2038
1007
2019
1565
33
809
327
512
1164
1265
280
1105
1164
851
258
154
983
68
1019
909
930
564
129
1086
1798
1762
35
1424
1704
116
67
1005
1945
199
26
827
379
1796
2045
267
2022
884
1502
1811
778
1429
789
478
917
109
1889
1986
1495
286
1321
1043
35
955
776
662
121
602
1673
1848
1379
618
1071
1536
1565
1095
185
1859
1528
268
1955
1047
1792
681
752
1801
2013
565
39
1299
247
133
1692
712
1246
1277
752
466
2024
1702
987
670
796
897
1065
1622
1614
539
1539
1296
1420
354
880
1093
1465
695
28
388
1144
580
87
1383
1868
400
352
711
1533
80
1764
1580
1085
1921
450
391
1675
691
1041
36
1624
936
1636
1754
360
1053
588
1157
124
488
1567
1718
302
323
1528
1704
1820
360
1535
630
72
1886
491
1676
191
786
1477
859
377
681
1006
850
1665
21
1123
1289
85
1254
320
1471
1168
99
1155
6
454
986
787
701
688
308
257
1087
1161
1996
781
1498
1207
898
364
899
430
523
1992
967
786
651
1673
1029
1307
869
339
1243
830
593
1743
734
1546
688
1455
1934
80
1565
748
1673
1926
837
1362
766
877
1784
575
357
242
896
1960
365
1106
561
1884
1078
1666
833
1933
705
462
2010
1164
165
448
622
2004
1795
579
331
74
955
520
1903
1987
224
1065
1949
455
106
1293
1456
1941
43
1675
560
1382
517
1874
1059
1270
1113
392
1317
321
1730
1201
955
1930
1796
1747
2021
418
575
215
1522
1383
1641
563
920
1419
2042
1990
836
1943
2025
515
431
815
1496
1618
434
1687
652
1971
603
1142
1695
677
832
1754
377
70
787
893
1148
1211
1143
1351
1663
1234
1298
1811
894
1766
740
950
1167
772
983
1853
1048
1611
919
1399
576
1433
931
436
1443
868
421
971
1098
1253
2047
1634
218
636
1190
617
11
1872
563
1000
604
1078
1847
1019
1542
468
1999
1050
1326
1542
1401
1694
1118
128
294
129
1334
693
913
102
351
1784
1998
1753
449
737
1062
983
1526
243
1314
1425
2046
1403
1766
1133
52
699
192
78
1408
72
1793
789
1487
433
1804
1128
704
97
428
690
1696
1223
1963
1386
1433
692
1184
1177
1830
1284
1032
406
970
1152
1176
1300
770
1539
1490
1631
1400
988
983
2019
1913
1652
1404
1262
1961
49
159
1207
1526
153
188
1694
1738
699
955
949
1669
714
268
384
298
1804
1782
505
600
2034
556
1239
381
905
930
1552
1606
17
158
1437
346
490
274
1149
1351
184
41
764
956
1983
800
1077
762
1423
599
726
1925
1766
168
803
1567
210
1271
1598
502
1558
522
677
797
975
155
1532
313
343
1964
1037
1661
1898
1819
1805
1752
647
118
1312
1900
1177
528
1824
579
471
85
1178
573
1257
346
282
845
1612
1721
1705
741
759
411
403
1199
1599
1302
366
1918
760
698
855
1668
2013
1382
383
709
818
1632
999
203
423
165
1639
1692
1152
1662
2037
1513
755
1364
1828
1672
721
965
2027
1317
1129
1528
1704
564
1450
1069
1124
1321
135
1944
89
2028
160
367
689
1671
1054
66
1169
1826
990
1931
342
1586
1747
1414
1311
749
1189
834
1163
1
926
760
452
1157
1479
157
700
304
334
179
1206
1481
43
356
265
734
771
465
1824
953
845
936
1990
1168
179
756
1440
252
1467
58
1787
1708
1958
193