2866
2865
2864
2863
2862
2861
2860
2859
2858
2857
2856
2855
2854
2853
2852
2851
2850
2849
2848
2847
2846
2845
2844
2843
2842
2841
2840
2839
2838
2837
2836
2835
2834
2833
2832
2831
2830
2829
2828
2827
2826
2825
2824
2823
2822
2821
2820
2819
2818
2817
2816
2815
2814
2813
2812
2811
2810
2809
2808
2807
2806
2805
2804
2803
2802
2801
2800
2799
2798
2797
2796
2795
2794
2793
2792
2791
2790
2789
2788
2787
2786
2785
2784
2783
2782
2781
2780
2779
2778
2777
2776
2775
2774
2773
2772
2771
2770
2769
2768
2767
2766
2765
2764
2763
2762
2761
2760
2759
2758
2757
2756
2755
2754
2753
2752
2751
2750
2749
2748
2747
2746
2745
2744
2743
2742
2741
2740
2739
2738
2737
2736
2735
2734
2733
2732
2731
2730
2729
2728
2727
2726
2725
2724
2723
2722
2721
2720
2719
2718
2717
2716
2715
2714
2713
2712
2711
2710
2709
2708
2707
2706
2705
2704
2703
2702
2701
2700
2699
2698
2697
2696
2695
2694
2693
2692
2691
2690
2689
2688
2687
2686
2685
2684
2683
2682
2681
2680
2679
2678
2677
2676
2675
2674
2673
2672
2671
2670
2669
2668
2667
2666
2665
2664
2663
2662
2661
2660
2659
2658
2657
2656
2655
2654
2653
2652
2651
2650
2649
2648
2647
2646
2645
2644
2643
2642
2641
2640
2639
2638
2637
2636
2635
2634
2633
2632
2631
2630
2629
2628
2627
2626
2625
2624
2623
2622
2621
2620
2619
2618
2617
2616
2615
2614
2613
2612
2611
2610
2609
2608
2607
2606
2605
2604
2603
2602
2601
2600
2599
2598
2597
2596
2595
2594
2593
2592
2591
2590
2589
2588
2587
2586
2585
2584
2583
2582
2581
2580
2579
2578
2577
2576
2575
2574
2573
2572
2571
2570
2569
2568
2567
2566
2565
2564
2563
2562
2561
2560
2559
2558
2557
2556
2555
2554
2553
2552
2551
2550
2549
2548
2547
2546
2545
2544
2543
2542
2541
2540
2539
2538
2537
2536
2535
2534
2533
2532
2531
2530
2529
2528
2527
2526
2525
2524
2523
2522
2521
2520
2519
2518
2517
2516
2515
2514
2513
2512
2511
2510
2509
2508
2507
2506
2505
2504
2503
2502
2501
2500
2499
2498
2497
2496
2495
2494
2493
2492
2491
2490
2489
2488
2487
2486
2485
2484
2483
2482
2481
2480
2479
2478
2477
2476
2475
2474
2473
2472
2471
2470
2469
2468
2467
2466
2465
2464
2463
2462
2461
2460
2459
2458
2457
2456
2455
2454
2453
2452
2451
2450
2449
2448
2447
2446
2445
2444
2443
2442
2441
2440
2439
2438
2437
2436
2435
2434
2433
2432
2431
2430
2429
2428
2427
2426
2425
2424
2423
2422
2421
2420
2419
2418
2417
2416
2415
2414
2413
2412
2411
2410
2409
2408
2407
2406
2405
2404
2403
2402
2401
2400
2399
2398
2397
2396
2395
2394
2393
2392
2391
2390
2389
2388
2387
2386
2385
2384
2383
2382
2381
2380
2379
2378
2377
2376
2375
2374
2373
2372
2371
2370
2369
2368
2367
2366
2365
2364
2363
2362
2361
2360
2359
2358
2357
2356
2355
2354
2353
2352
2351
2350
2349
2348
2347
2346
2345
2344
2343
2342
2341
2340
2339
2338
2337
2336
2335
2334
2333
2332
2331
2330
2329
2328
2327
2326
2325
2324
2323
2322
2321
2320
2319
2318
2317
2316
2315
2314
2313
2312
2311
2310
2309
2308
2307
2306
2305
2304
2303
2302
2301
2300
2299
2298
2297
2296
2295
2294
2293
2292
2291
2290
2289
2288
2287
2286
2285
2284
2283
2282
2281
2280
2279
2278
2277
2276
2275
2274
2273
2272
2271
2270
2269
2268
2267
2266
2265
2264
2263
2262
2261
2260
2259
2258
2257
2256
2255
2254
2253
2252
2251
2250
2249
2248
2247
2246
2245
2244
2243
2242
2241
2240
2239
2238
2237
2236
2235
2234
2233
2232
2231
2230
2229
2228
2227
2226
2225
2224
2223
2222
2221
2220
2219
2218
2217
2216
2215
2214
2213
2212
2211
2210
2209
2208
2207
2206
2205
2204
2203
2202
2201
2200
2199
2198
2197
2196
2195
2194
2193
2192
2191
2190
2189
2188
2187
2186
2185
2184
2183
2182
2181
2180
2179
2178
2177
2176
2175
2174
2173
2172
2171
2170
2169
2168
2167
2166
2165
2164
2163
2162
2161
2160
2159
2158
2157
2156
2155
2154
2153
2152
2151
2150
2149
2148
2147
2146
2145
2144
2143
2142
2141
2140
2139
2138
2137
2136
2135
2134
2133
2132
2131
2130
2129
2128
2127
2126
2125
2124
2123
2122
2121
2120
2119
2118
2117
2116
2115
2114
2113
2112
2111
2110
2109
2108
2107
2106
2105
2104
2103
2102
2101
2100
2099
2098
2097
2096
2095
2094
2093
2092
2091
2090
2089
2088
2087
2086
2085
2084
2083
2082
2081
2080
2079
2078
2077
2076
2075
2074
2073
2072
2071
2070
2069
2068
2067
2066
2065
2064
2063
2062
2061
2060
2059
2058
2057
2056
2055
2054
2053
2052
2051
2050
2049
2048
2047
2046
2045
2044
2043
2042
2041
2040
2039
2038
2037
2036
2035
2034
2033
2032
2031
2030
2029
2028
2027
2026
2025
2024
2023
2022
2021
2020
2019
2018
2017
2016
2015
2014
2013
2012
2011
2010
2009
2008
2007
2006
2005
2004
2003
2002
2001
2000
1999
1998
1997
1996
1995
1994
1993
1992
1991
1990
1989
1988
1987
1986
1985
1984
1983
1982
1981
1980
1979
1978
1977
1976
1975
1974
1973
1972
1971
1970
1969
1968
1967
1966
1965
1964
1963
1962
1961
1960
1959
1958
1957
1956
1955
1954
1953
1952
1951
1950
1949
1948
1947
1946
1945
1944
1943
1942
1941
1940
1939
1938
1937
1936
1935
1934
1933
1932
1931
1930
1929
1928
1927
1926
1925
1924
1923
1922
1921
1920
1919
1918
1917
1916
1915
1914
1913
1912
1911
1910
1909
1908
1907
1906
1905
1904
1903
1902
1901
1900
1899
1898
1897
1896
1895
1894
1893
1892
1891
1890
1889
1888
1887
1886
1885
1884
1883
1882
1881
1880
1879
1878
1877
1876
1875
1874
1873
1872
1871
1870
1869
1868
1867
1866
1865
1864
1863
1862
1861
1860
1859
1858
1857
1856
1855
1854
1853
1852
1851
1850
1849
1848
1847
1846
1845
1844
1843
1842
1841
1840
1839
1838
1837
1836
1835
1834
1833
1832
1831
1830
1829
1828
1827
1826
1825
1824
1823
1822
1821
1820
1819
1818
1817
1816
1815
1814
1813
1812
1811
1810
1809
1808
1807
1806
1805
1804
1803
1802
1801
1800
1799
1798
1797
1796
1795
1794
1793
1792
1791
1790
1789
1788
1787
1786
1785
1784
1783
1782
1781
1780
1779
1778
1777
1776
1775
1774
1773
1772
1771
1770
1769
1768
1767
1766
1765
1764
1763
1762
1761
1760
1759
1758
1757
1756
1755
1754
1753
1752
1751
1750
1749
1748
1747
1746
1745
1744
1743
1742
1741
1740
1739
1738
1737
1736
1735
1734
1733
1732
1731
1730
1729
1728
1727
1726
1725
1724
1723
1722
1721
1720
1719
1718
1717
1716
1715
1714
1713
1712
1711
1710
1709
1708
1707
1706
1705
1704
1703
1702
1701
1700
1699
1698
1697
1696
1695
1694
1693
1692
1691
1690
1689
1688
1687
1686
1685
1684
1683
1682
1681
1680
1679
1678
1677
1676
1675
1674
1673
1672
1671
1670
1669
1668
1667
1666
1665
1664
1663
1662
1661
1660
1659
1658
1657
1656
1655
1654
1653
1652
1651
1650
1649
1648
1647
1646
1645
1644
1643
1642
1641
1640
1639
1638
1637
1636
1635
1634
1633
1632
1631
1630
1629
1628
1627
1626
1625
1624
1623
1622
1621
1620
1619
1618
1617
1616
1615
1614
1613
1612
1611
1610
1609
1608
1607
1606
1605
1604
1603
1602
1601
1600
1599
1598
1597
1596
1595
1594
1593
1592
1591
1590
1589
1588
1587
1586
1585
1584
1583
1582
1581
1580
1579
1578
1577
1576
1575
1574
1573
1572
1571
1570
1569
1568
1567
1566
1565
1564
1563
1562
1561
1560
1559
1558
1557
1556
1555
1554
1553
1552
1551
1550
1549
1548
1547
1546
1545
1544
1543
1542
1541
1540
1539
1538
1537
1536
1535
1534
1533
1532
1531
1530
1529
1528
1527
1526
1525
1524
1523
1522
1521
1520
1519
1518
1517
1516
1515
1514
1513
1512
1511
1510
1509
1508
1507
1506
1505
1504
1503
1502
1501
1500
1499
1498
1497
1496
1495
1494
1493
1492
1491
1490
1489
1488
1487
1486
1485
1484
1483
1482
1481
1480
1479
1478
1477
1476
1475
1474
1473
1472
1471
1470
1469
1468
1467
1466
1465
1464
1463
1462
1461
1460
1459
1458
1457
1456
1455
1454
1453
1452
1451
1450
1449
1448
1447
1446
1445
1444
1443
1442
1441
1440
1439
1438
1437
1436
1435
1434
1433
1432
1431
1430
1429
1428
1427
1426
1425
1424
1423
1422
1421
1420
1419
1418
1417
1416
1415
1414
1413
1412
1411
1410
1409
1408
1407
1406
1405
1404
1403
1402
1401
1400
1399
1398
1397
1396
1395
1394
1393
1392
1391
1390
1389
1388
1387
1386
1385
1384
1383
1382
1381
1380
1379
1378
1377
1376
1375
1374
1373
1372
1371
1370
1369
1368
1367
1366
1365
1364
1363
1362
1361
1360
1359
1358
1357
1356
1355
1354
1353
1352
1351
1350
1349
1348
1347
1346
1345
1344
1343
1342
1341
1340
1339
1338
1337
1336
1335
1334
1333
1332
1331
1330
1329
1328
1327
1326
1325
1324
1323
1322
1321
1320
1319
1318
1317
1316
1315
1314
1313
1312
1311
1310
1309
1308
1307
1306
1305
1304
1303
1302
1301
1300
1299
1298
1297
1296
1295
1294
1293
1292
1291
1290
1289
1288
1287
1286
1285
1284
1283
1282
1281
1280
1279
1278
1277
1276
1275
1274
1273
1272
1271
1270
1269
1268
1267
1266
1265
1264
1263
1262
1261
1260
1259
1258
1257
1256
1255
1254
1253
1252
1251
1250
1249
1248
1247
1246
1245
1244
1243
1242
1241
1240
1239
1238
1237
1236
1235
1234
1233
1232
1231
1230
1229
1228
1227
1226
1225
1224
1223
1222
1221
1220
1219
1218
1217
1216
1215
1214
1213
1212
1211
1210
1209
1208
1207
1206
1205
1204
1203
1202
1201
1200
1199
1198
1197
1196
1195
1194
1193
1192
1191
1190
1189
1188
1187
1186
1185
1184
1183
1182
1181
1180
1179
1178
1177
1176
1175
1174
1173
1172
1171
1170
1169
1168
1167
1166
1165
1164
1163
1162
1161
1160
1159
1158
1157
1156
1155
1154
1153
1152
1151
1150
1149
1148
1147
1146
1145
1144
1143
1142
1141
1140
1139
1138
1137
1136
1135
1134
1133
1132
1131
1130
1129
1128
1127
1126
1125
1124
1123
1122
1121
1120
1119
1118
1117
1116
1115
1114
1113
1112
1111
1110
1109
1108
1107
1106
1105
1104
1103
1102
1101
1100
1099
1098
1097
1096
1095
1094
1093
1092
1091
1090
1089
1088
1087
1086
1085
1084
1083
1082
1081
1080
1079
1078
1077
1076
1075
1074
1073
1072
1071
1070
1069
1068
1067
1066
1065
1064
1063
1062
1061
1060
1059
1058
1057
1056
1055
1054
1053
1052
1051
1050
1049
1048
1047
1046
1045
1044
1043
1042
1041
1040
1039
1038
1037
1036
1035
1034
1033
1032
1031
1030
1029
1028
1027
1026
1025
1024
1023
1022
1021
1020
1019
1018
1017
1016
1015
1014
1013
1012
1011
1010
1009
1008
1007
1006
1005
1004
1003
1002
1001
1000
999
998
997
996
995
994
993
992
991
990
989
988
987
986
985
984
983
982
981
980
979
978
977
976
975
974
973
972
971
970
969
968
967
966
965
964
963
962
961
960
959
958
957
956
955
954
953
952
951
950
949
948
947
946
945
944
943
942
941
940
939
938
937
936
935
934
933
932
931
930
929
928
927
926
925
924
923
922
921
920
919
918
917
916
915
914
913
912
911
910
909
908
907
906
905
904
903
902
901
900
899
898
897
896
895
894
893
892
891
890
889
888
887
886
885
884
883
882
881
880
879
878
877
876
875
874
873
872
871
870
869
868
867
866
865
864
863
862
861
860
859
858
857
856
855
854
853
852
851
850
849
848
847
846
845
844
843
842
841
840
839
838
837
836
835
834
833
832
831
830
829
828
827
826
825
824
823
822
821
820
819
818
817
816
815
814
813
812
811
810
809
808
807
806
805
804
803
802
801
800
799
798
797
796
795
794
793
792
791
790
789
788
787
786
785
784
783
782
781
780
779
778
777
776
775
774
773
772
771
770
769
768
767
766
765
764
763
762
761
760
759
758
757
756
755
754
753
752
751
750
749
748
747
746
745
744
743
742
741
740
739
738
737
736
735
734
733
732
731
730
729
728
727
726
725
724
723
722
721
720
719
718
717
716
715
714
713
712
711
710
709
708
707
706
705
704
703
702
701
700
699
698
697
696
695
694
693
692
691
690
689
688
687
686
685
684
683
682
681
680
679
678
677
676
675
674
673
672
671
670
669
668
667
666
665
664
663
662
661
660
659
658
657
656
655
654
653
652
651
650
649
648
647
646
645
644
643
642
641
640
639
638
637
636
635
634
633
632
631
630
629
628
627
626
625
624
623
622
621
620
619
618
617
616
615
614
613
612
611
610
609
608
607
606
605
604
603
602
601
600
599
598
597
596
595
594
593
592
591
590
589
588
587
586
585
584
583
582
581
580
579
578
577
576
575
574
573
572
571
570
569
568
567
566
565
564
563
562
561
560
559
558
557
556
555
554
553
552
551
550
549
548
547
546
545
544
543
542
541
540
539
538
537
536
535
534
533
532
531
530
529
528
527
526
525
524
523
522
521
520
519
518
517
516
515
514
513
512
511
510
509
508
507
506
505
504
503
502
501
500
499
498
497
496
495
494
493
492
491
490
489
488
487
486
485
484
483
482
481
480
479
478
477
476
475
474
473
472
471
470
469
468
467
466
465
464
463
462
461
460
459
458
457
456
455
454
453
452
451
450
449
448
447
446
445
444
443
442
441
440
439
438
437
436
435
434
433
432
431
430
429
428
427
426
425
424
423
422
421
420
419
418
417
416
415
414
413
412
411
410
409
408
407
406
405
404
403
402
401
400
399
398
397
396
395
394
393
392
391
390
389
388
387
386
385
384
383
382
381
380
379
378
377
376
375
374
373
372
371
370
369
368
367
366
365
364
363
362
361
360
359
358
357
356
355
354
353
352
351
350
349
348
347
346
345
344
343
342
341
340
339
338
337
336
335
334
333
332
331
330
329
328
327
326
325
324
323
322
321
320
319
318
317
316
315
314
313
312
311
310
309
308
307
306
305
304
303
302
301
300
299
298
297
296
295
294
293
292
291
290
289
288
287
286
285
284
283
282
281
280
279
278
277
276
275
274
273
272
271
270
269
268
267
266
265
264
263
262
261
260
259
258
257
256
255
254
253
252
251
250
249
248
247
246
245
244
243
242
241
240
239
238
237
236
235
234
233
232
231
230
229
228
227
226
225
224
223
222
221
220
219
218
217
216
215
214
213
212
211
210
209
208
207
206
205
204
203
202
201
200
199
198
197
196
195
194
193
192
191
190
189
188
187
186
185
184
183
182
181
180
179
178
177
176
175
174
173
172
171
170
169
168
167
166
165
164
163
162
161
160
159
158
157
156
155
154
153
152
151
150
149
148
147
146
145
144
143
142
141
140
139
138
137
136
135
134
133
132
131
130
129
128
127
126
125
124
123
122
121
120
119
118
117
116
115
114
113
112
111
110
109
108
107
106
105
104
103
102
101
100
99
98
97
96
95
94
93
92
91
90
89
88
87
86
85
84
83
82
81
80
79
78
77
76
75
74
73
72
71
70
69
68
67
66
65
64
63
62
61
60
59
58
57
56
55
54
53
52
51
50
49
48
47
46
45
44
43
42
41
40
39
38
37
36
35
34
33
32
31
30
29
28
27
26
25
24
23
22
21
20
19
18
17
16
15
14
13
12
11
10
9
8
7
6
5
4
3
2
1
275
439
3988
3797
3580
885
3370
2267
1480
4017
3545
1509
932
113
220
82
65
1076
266
1193
3799
1759
2557
559
2922
1786
2163
2488
3660
2844
2548
3773
2275
2980
4022
3759
4012
1194
2237
651
1408
1078
1862
3759
3094
2223
1382
1260
3530
918
3311
3292
1180
1140
1683
1653
636
16
1100
2783
3781
2022
2811
3971
3335
1493
3919
3941
265
24
2536
3763
1038
2423
1724
3230
3928
446
954
1896
4075
2671
686
1726
1939
948
613
73
3880
1431
785
2688
3601
2421
2542
448
2823
1968
2086
926
2587
3493
2291
1148
3067
4062
2819
858
625
3208
2336
4079
3628
551
1552
1784
2499
3720
4026
2257
1527
2551
3467
3650
2873
691
3608
3995
1132
3231
2053
515
1771
2362
549
3853
3022
3025
1762
2700
3689
3572
1760
2729
1046
2086
3805
1586
309
728
1244
3381
3952
921
130
4046
2372
2695
704
1853
3772
1033
178
1339
1920
704
1479
3471
1551
1466
291
3548
73
3817
577
1981
304
3540
2269
275
2031
653
3089
3742
2076
3299
3262
3275
3898
3032
1837
2765
898
342
2038
3055
4067
3613
2081
809
327
2560
1164
3313
2328
3153
1164
2899
2306
2202
983
2116
3067
909
930
564
129
1086
1798
1762
2083
1424
3752
116
67
3053
1945
2247
2074
827
379
1796
2045
2315
4070
2932
3550
1811
2826
3477
789
478
917
109
3937
4034
3543
286
3369
3091
2083
955
776
2710
121
602
1673
3896
3427
618
3119
3584
3613
1095
2233
1859
1528
268
1955
1047
1792
2729
2800
1801
4061
565
2087
1299
247
2181
1692
2760
3294
3325
752
466
2024
3750
3035
2718
2844
897
3113
3670
3662
2587
1539
3344
3468
2402
880
3141
3513
695
28
2436
1144
2628
87
1383
1868
2448
2400
2759
1533
80
3812
1580
1085
1921
2498
391
1675
2739
3089
2084
1624
2984
1636
1754
360
1053
588
3205
2172
2536
1567
3766
302
2371
1528
1704
3868
2408
1535
2678
2120
3934
491
1676
2239
786
3525
2907
2425
2729
1006
850
3713
21
1123
1289
85
1254
2368
1471
1168
2147
1155
6
2502
986
2835
701
2736
308
257
3135
3209
4044
2829
1498
3255
2946
2412
899
430
2571
4040
3015
786
651
3721
3077
3355
869
339
3291
830
2641
1743
2782
1546
688
1455
1934
80
3613
748
1673
3974
2885
3410
2814
2925
3832
575
2405
242
896
4008
365
1106
561
1884
1078
3714
2881
1933
2753
2510
4058
3212
165
448
622
4052
1795
2627
331
2122
955
520
3951
4035
224
1065
3997
455
106
3341
1456
1941
2091
1675
560
1382
2565
3922
3107
3318
3161
392
3365
2369
1730
3249
955
1930
1796
1747
4069
418
575
2263
3570
3431
1641
2611
920
1419
4090
4038
836
3991
2025
515
2479
815
3544
3666
2482
1687
652
1971
2651
1142
1695
2725
2880
3802
377
2118
787
893
1148
3259
3191
1351
3711
1234
1298
3859
894
1766
740
950
3215
772
983
3901
1048
3659
2967
3447
576
3481
931
2484
3491
868
421
3019
1098
1253
2047
1634
218
2684
1190
2665
11
3920
563
1000
2652
1078
3895
1019
1542
2516
4047
3098
1326
1542
3449
3742
1118
2176
2342
2177
3382
693
913
2150
351
1784
4046
1753
449
737
1062
983
1526
2291
3362
3473
2046
3451
1766
1133
2100
2747
192
78
3456
72
3841
2837
1487
433
3852
1128
2752
2145
428
690
3744
3271
4011
1386
1433
2740
3232
3225
3878
1284
3080
2454
970
3200
3224
3348
2818
3587
3538
1631
3448
3036
983
2019
1913
1652
3452
1262
4009
2097
159
3255
1526
2201
188
1694
3786
2747
955
949
3717
2762
2316
2432
2346
3852
1782
2553
2648
4082
556
3287
2429
2953
930
3600
3654
2065
158
1437
2394
2538
2322
3197
1351
184
41
764
956
4031
800
3125
2810
1423
599
726
1925
1766
168
2851
1567
210
3319
1598
2550
1558
2570
2725
797
3023
2203
1532
2361
2391
1964
3085
3709
3946
3867
1805
3800
2695
2166
3360
3948
1177
2576
3872
579
2519
2133
1178
573
1257
346
2330
2893
1612
1721
3753
741
2807
2459
2451
1199
1599
3350
2414
1918
760
698
855
3716
4061
1382
383
2757
2866
1632
3047
203
423
165
3687
1692
1152
1662
4085
3561
2803
3412
3876
3720
721
3013
2027
1317
1129
3576
1704
2612
3498
1069
3172
1321
2183
3992
2137
4076
160
367
2737
3719
3102
66
1169
3874
3038
1931
2390
1586
1747
1414
1311
2797
1189
2882
3211
2049
2974
760
2500
1157
1479
157
2748
2352
334
179
1206
1481
43
2404
265
2782
2819
465
1824
3001
2893
936
1990
3216
179
2804
3488
252
1467
2106
1787
3756
1958
2241
3273
2139
1433
2353
2789
1279
2810
1632
3487
1860
2333
104
2164
2360
1056
1021
2589
72
1811
3581
460
3435
860
3401
2482
3485
3930
1748
2756
3727
2121
4089
3519
2973
2918
786
3433
1792
2643
582
3610
837
3772
3234
3708
253
315
2411
1423
1207
1913
3507
496
2347
3479
43
3674
440
3788
3896
3949
273
335
3401
3758
2099
2423
1895
1744
410
2080
2574
1330
3252
2130
2107
1192
3478
29
2246
1406
1262
2247
3570
1722
1080
554
2883
1186
565
1367
3471
126
921
2687
2392
1439
3076
1556
857
4000
2868
299
1887
1516
2681
293
346
128
3689
654
3252
2547
212
2885
3553
691
1787
2013
2616
2449
2044
2116
513
3456
1937
4002
207
3225
2298
2948
2064
1123
3640
1594
2018
1874
1916
2173
2600
2957
1759
3670
989
1780
3155
827
169
3170
3546
2426
3250
3631
4086
219
181
2554
608
128
1109
421
1276
2065
2739
1440
2317
3094
3390
1131
678
420
2253
854
3681
3388
235
1164
3922
2288
3441
3663
2366
1479
1627
1925
2825
3171
468
3444
3438
225
2195
1738
2547
3585
1130
2016
3611
2951
3356
3135
3805
993
1904
2404
85
3337
2691
3776
1466
2221
3938
1795
3472
3982
3800
3738
3614
3110
389
886
1571
2189
1584
528
1477
925
607
938
970
341
292
471
778
2683
1081
829
3108
3973
2895
1434
3953
698
1444
2309
822
3477
468
119
542
1386
4081
2953
3559
843
2517
3455
2651
813
1463
1414
1154
3655
1789
3130
2582
1211
337
2667
1335
2680
503
3361
96
2911
862
2781
1690
2725
3829
3618
1007
376
319
2356
2594
229
1066
1824
3485
2809
925
3580
3755
1830
80
1648
743
1513
1248
3190
757
1962
291
3421
111
2788
4025
1812
2082
1413
2531
3237
1147
3480
3480
1024
1084
1313
2518
250
2419
3400
1335
405
1197
1210
708
3970
103
1357
2317
2788
197
1251
3962
599
2951
3472
1500
3121
3128
255
2631
1288
2216
2833
292
1908
2461
1992
898
277
3014
100
1965
2264
3312
971
2050
2679
2428
3630
3073
2879
3601
1002
1956
3094
398
940
1263
3260
2883
985
3017
1105
2400
3885
3082
792
2989
1186
3541
378
1660
3731
3112
78
477
1313
3505
3671
2320
4054
4068
1806
3648
2696
2122
3746
1646
384
28
3902
427
2268
3600
2954
906