613
612
611
610
609
608
607
606
605
604
603
602
601
600
599
598
597
596
595
594
593
592
591
590
589
588
587
586
585
584
583
582
581
580
579
578
577
576
575
574
573
572
571
570
569
568
567
566
565
564
563
562
561
560
559
558
557
556
555
554
553
552
551
550
549
548
547
546
545
544
543
542
541
540
539
538
537
536
535
534
533
532
531
530
529
528
527
526
525
524
523
522
521
520
519
518
517
516
515
514
513
512
511
510
509
508
507
506
505
504
503
502
501
500
499
498
497
496
495
494
493
492
491
490
489
488
487
486
485
484
483
482
481
480
479
478
477
476
475
474
473
472
471
470
469
468
467
466
465
464
463
462
461
460
459
458
457
456
455
454
453
452
451
450
449
448
447
446
445
444
443
442
441
440
439
438
437
436
435
434
433
432
431
430
429
428
427
426
425
424
423
422
421
420
419
418
417
416
415
414
413
412
411
410
409
408
407
406
405
404
403
402
401
400
399
398
397
396
395
394
393
392
391
390
389
388
387
386
385
384
383
382
381
380
379
378
377
376
375
374
373
372
371
370
369
368
367
366
365
364
363
362
361
360
359
358
357
356
355
354
353
352
351
350
349
348
347
346
345
344
343
342
341
340
339
338
337
336
335
334
333
332
331
330
329
328
327
326
325
324
323
322
321
320
319
318
317
316
315
314
313
312
311
310
309
308
307
306
305
304
303
302
301
300
299
298
297
296
295
294
293
292
291
290
289
288
287
286
285
284
283
282
281
280
279
278
277
276
275
274
273
272
271
270
269
268
267
266
265
264
263
262
261
260
259
258
257
256
255
254
253
252
251
250
249
248
247
246
245
244
243
242
241
240
239
238
237
236
235
234
233
232
231
230
229
228
227
226
225
224
223
222
221
220
219
218
217
216
215
214
213
212
211
210
209
208
207
206
205
204
203
202
201
200
199
198
197
196
195
194
193
192
191
190
189
188
187
186
185
184
183
182
181
180
179
178
177
176
175
174
173
172
171
170
169
168
167
166
165
164
163
162
161
160
159
158
157
156
155
154
153
152
151
150
149
148
147
146
145
144
143
142
141
140
139
138
137
136
135
134
133
132
131
130
129
128
127
126
125
124
123
122
121
120
119
118
117
116
115
114
113
112
111
110
109
108
107
106
105
104
103
102
101
100
99
98
97
96
95
94
93
92
91
90
89
88
87
86
85
84
83
82
81
80
79
78
77
76
75
74
73
72
71
70
69
68
67
66
65
64
63
62
61
60
59
58
57
56
55
54
53
52
51
50
49
48
47
46
45
44
43
42
41
40
39
38
37
36
35
34
33
32
31
30
29
28
27
26
25
24
23
22
21
20
19
18
17
16
15
14
13
12
11
10
9
8
7
6
5
4
3
2
1
275
439
916
725
508
885
298
219
456
945
473
485
932
113
220
82
65
52
266
169
727
735
509
559
874
762
115
440
588
796
500
701
227
932
950
687
940
170
189
651
384
54
838
687
22
175
358
236
458
918
239
220
156
116
659
629
636
16
76
735
709
998
763
899
263
469
847
869
265
24
488
691
14
375
700
158
856
446
954
872
1003
623
686
702
915
948
613
73
808
407
785
640
529
373
494
448
775
944
38
926
539
421
243
124
1019
990
771
858
625
136
288
1007
556
551
528
760
451
648
954
209
503
503
395
578
825
691
536
923
108
159
5
515
747
314
549
781
974
977
738
652
617
500
736
681
22
38
733
562
309
728
220
309
880
921
130
974
324
647
704
829
700
9
178
315
896
704
455
399
527
442
291
476
73
745
577
957
304
468
221
275
1007
653
17
670
28
227
190
203
826
984
813
717
898
342
1014
1007
995
541
33
809
327
512
140
241
280
81
140
851
258
154
983
68
1019
909
930
564
129
62
774
738
35
400
680
116
67
1005
921
199
26
827
379
772
1021
267
998
884
478
787
778
405
789
478
917
109
865
962
471
286
297
19
35
955
776
662
121
602
649
824
355
618
47
512
541
71
185
835
504
268
931
23
768
681
752
777
989
565
39
275
247
133
668
712
222
253
752
466
1000
678
987
670
796
897
41
598
590
539
515
272
396
354
880
69
441
695
28
388
120
580
87
359
844
400
352
711
509
80
740
556
61
897
450
391
651
691
17
36
600
936
612
730
360
29
588
133
124
488
543
694
302
323
504
680
796
360
511
630
72
862
491
652
191
786
453
859
377
681
1006
850
641
21
99
265
85
230
320
447
144
99
131
6
454
986
787
701
688
308
257
63
137
972
781
474
183
898
364
899
430
523
968
967
786
651
649
5
283
869
339
219
830
593
719
734
522
688
431
910
80
541
748
649
902